data/raw/gdp/gdp25_15mi.txt
ncols         1440
nrows         572
xllcorner     -180
yllcorner     -58.000000000011
cellsize      0.250002
NODATA_value  -9999
[rows 82 to 163 of 572, columns 864 to 959 of 1440]
0 0 0 0 0 0 0 0 0 0 0 0 0 0 0 112 0 0 72 42 0 0 1 1 1 1 1 1 0 0 0 0 0 0 0 0 0 0 0 0 0 0 0 0 0 0 0 0 0 0 0 0 0 0 0 0 0 0 0 0 0 0 0 1 2 2 2 1 1 1 1 0 0 0 0 0 0 0 0 0 0 0 0 0 0 0 0 0 0 0 0 0 0 0 0 0
1 0 0 0 0 0 0 0 0 0 0 0 0 0 0 0 0 0 1 1 1 1 1 1 1 1 1 1 1 0 0 0 0 0 0 0 0 0 0 0 0 0 0 0 0 0 0 0 0 0 0 0 0 0 0 0 0 0 0 0 0 0 0 1 2 3 3 3 3 2 1 1 1 1 1 1 1 1 1 1 0 0 0 0 0 0 0 0 0 0 0 0 0 0 0 0
1 1 0 0 0 0 0 0 21 0 0 0 0 0 0 0 1 1 1 1 1 1 1 1 1 1 1 1 1 0 0 0 0 0 0 0 0 0 0 0 0 0 0 0 0 0 0 0 0 0 0 0 0 0 0 0 0 0 0 0 0 0 0 0 1 2 3 3 3 2 1 1 1 1 1 1 1 1 1 0 0 0 0 0 0 15 0 0 0 0 0 0 0 0 0 0
1 1 0 0 0 0 0 0 0 0 0 0 0 0 0 1 1 1 1 1 1 1 1 1 1 1 1 1 0 0 0 0 0 0 0 0 0 0 0 0 0 0 0 0 0 0 0 0 0 0 0 0 0 0 0 0 0 0 0 0 0 0 0 0 0 0 3 3 3 3 2 26 1 1 1 1 1 1 1 0 0 0 0 0 0 0 0 0 0 0 0 0 0 0 0 0
0 0 0 0 0 0 0 0 0 0 0 0 0 0 1 1 1 1 1 1 1 1 1 1 1 1 1 1 1 0 0 0 0 0 0 0 0 0 0 0 0 0 0 0 0 0 0 0 0 0 0 0 0 0 0 0 0 0 0 0 0 0 0 0 0 0 3 3 3 3 3 3 2 1 1 1 1 1 0 0 0 0 0 0 0 0 0 0 0 0 0 0 0 0 0 0
1 0 0 0 0 0 0 0 0 0 0 0 0 0 1 1 1 1 1 1 1 1 1 1 1 1 1 1 1 1 1 1 1 1 1 0 0 0 0 0 0 0 0 0 0 0 0 0 0 0 0 0 0 0 0 0 0 0 0 0 0 0 0 0 0 0 1 1 3 3 3 3 3 3 1 1 1 0 0 0 0 0 0 0 0 0 0 0 0 0 0 0 0 0 0 0
1 1 0 0 0 0 0 0 0 0 1 1 1 1 1 1 1 1 1 1 1 1 1 1 1 1 1 1 1 1 1 1 1 1 0 0 0 0 0 0 0 0 0 0 0 0 0 0 0 0 0 0 0 0 0 0 0 0 0 0 0 0 0 0 0 0 0 1 1 3 3 3 3 3 2 1 1 0 0 0 0 0 0 0 0 0 0 0 0 0 0 0 0 0 0 0
1 1 1 1 1 1 1 1 1 1 1 1 1 1 1 1 1 1 1 1 1 1 1 1 1 1 1 1 1 1 1 1 1 0 0 0 0 0 0 0 0 0 0 0 0 0 0 0 0 0 1 1 1 1 2 2 0 0 0 0 0 0 0 0 0 0 0 0 0 0 1 1 1 1 2 2 0 0 0 0 0 0 0 0 0 0 0 0 0 0 0 0 0 0 0 0
1 1 1 1 1 1 1 1 1 1 1 1 1 1 1 1 1 1 1 1 1 1 1 1 1 1 1 1 1 1 0 0 0 0 0 0 0 0 0 0 0 0 0 0 0 0 0 0 0 1 1 1 1 1 2 2 2 1 0 0 0 0 0 0 0 0 0 0 0 0 0 0 0 0 0 0 0 0 0 0 0 0 0 0 0 0 0 0 0 0 0 0 0 0 0 0
1 1 1 1 1 1 1 1 1 1 1 1 1 1 1 1 1 1 1 1 1 1 1 1 1 1 1 1 1 1 1 0 0 0 0 0 0 0 0 0 0 1 1 1 1 1 1 1 1 1 1 1 1 1 2 2 2 2 2 1 1 0 0 0 0 0 0 0 0 0 0 0 0 0 0 0 0 0 0 0 0 0 0 0 0 0 0 0 0 0 0 0 0 0 0 0
1 1 1 1 1 1 1 1 1 1 1 1 1 1 1 1 1 1 1 1 1 1 1 1 1 1 1 1 1 1 1 1 1 0 0 1 1 1 1 1 1 1 1 1 1 1 1 1 1 1 1 1 1 2 2 2 1 1 15 24 2 0 0 0 0 0 0 0 0 0 0 0 0 0 0 0 0 0 0 0 0 0 0 0 0 0 0 0 0 0 0 0 0 0 0 0
0 1 1 1 1 1 1 1 1 1 1 1 1 1 1 1 1 1 1 1 1 2 2 2 2 1 1 2 2 1 1 1 1 1 1 1 1 1 1 1 1 1 1 1 1 1 1 1 1 1 1 1 1 2 1 1 1 1 27 51 63 6 0 0 0 0 0 0 0 0 0 0 0 0 0 0 0 0 0 0 0 0 0 0 0 0 0 0 0 0 0 0 0 0 0 0
0 0 1 1 1 1 1 1 1 1 1 1 1 1 1 1 1 1 1 1 2 2 2 2 2 2 2 2 1 1 1 1 1 1 1 1 1 1 1 1 1 1 62 1 33 1 1 1 1 1 1 1 1 1 1 1 1 1 1 1 1 1 0 0 0 0 0 0 0 0 0 0 0 0 0 0 0 0 0 0 0 0 0 1 1 1 1 1 1 1 1 1 1 0 0 0
0 1 1 1 1 1 1 1 1 1 1 1 1 1 1 1 1 1 1 1 2 2 2 2 2 2 2 2 1 1 1 1 1 1 1 1 1 1 1 1 1 1 1 1 1 1 1 1 1 1 1 1 1 1 1 1 1 1 1 1 1 1 0 0 0 0 0 0 0 0 0 0 0 0 0 0 0 0 0 1 1 1 1 1 1 1 1 1 1 1 1 1 1 0 0 0
1 1 1 1 1 1 1 1 1 1 1 1 1 1 1 1 1 1 1 1 1 1 2 2 2 2 2 1 1 1 1 1 1 1 1 1 1 1 1 1 1 4 1 1 1 2 1 1 1 1 1 1 1 1 1 1 1 1 1 1 0 1 0 0 0 0 0 0 0 0 0 0 0 0 0 0 0 1 1 1 1 1 1 1 1 1 1 1 1 1 1 1 1 0 0 0
1 1 1 1 1 1 1 1 1 1 1 1 1 1 1 1 1 1 1 1 1 1 1 1 1 1 1 1 1 1 1 1 1 1 1 1 1 1 1 1 1 31 1 1 1 2 2 2 2 1 1 1 1 1 1 1 1 0 0 0 0 0 0 0 0 0 0 0 0 0 0 0 0 0 0 0 0 1 1 1 1 1 1 1 1 1 1 1 1 1 1 1 1 3 2 2
1 1 1 1 1 1 1 1 1 1 1 1 1 1 1 1 1 1 1 1 1 1 1 1 1 1 1 1 1 1 1 1 1 1 1 1 1 1 1 1 1 1 1 1 2 2 2 2 2 2 1 1 1 1 1 1 1 0 0 0 0 0 0 0 0 0 0 0 0 0 0 0 0 0 0 0 0 1 1 1 1 1 1 1 1 1 1 1 1 1 1 1 3 4 4 4
1 1 1 1 1 1 0 0 1 1 1 1 1 1 2 2 2 2 2 1 1 1 1 1 1 1 1 1 1 1 1 1 1 1 1 1 1 1 1 1 1 1 1 1 2 2 2 2 2 1 1 1 1 1 1 1 0 0 0 0 0 0 0 1 1 1 1 1 1 1 1 0 0 0 1 1 1 1 1 1 1 1 1 1 1 1 1 1 1 1 1 1 3 4 4 4
1 1 1 1 1 1 1 1 1 1 1 1 1 1 1 2 2 2 1 1 1 1 1 1 1 1 1 1 1 1 1 1 1 1 1 1 1 1 1 1 1 1 1 1 1 1 1 1 1 1 1 1 1 1 1 1 0 0 0 1 1 1 1 1 1 1 1 1 1 1 1 1 1 1 1 1 1 1 1 1 1 1 1 1 1 1 1 1 1 1 1 2 3 3 3 3
1 1 1 1 1 1 2 2 2 2 1 2 3 2 1 1 1 1 1 1 1 1 1 1 1 1 1 1 1 1 1 1 1 1 1 1 1 1 1 1 1 1 1 1 1 1 1 1 1 1 1 1 1 1 1 1 1 1 1 1 1 1 1 1 1 1 1 1 1 1 1 1 1 1 1 1 1 1 1 1 1 1 3 78 1 1 2 2 2 2 2 3 3 2 2 2
1 1 2 2 2 2 2 2 2 4 3 3 3 3 3 3 34 1 1 1 1 1 1 1 1 1 1 1 1 1 1 1 1 1 1 1 1 1 1 1 1 1 1 1 1 1 1 1 1 2 2 2 1 1 1 1 1 1 1 1 1 1 1 1 1 1 1 1 1 1 1 1 1 1 1 1 1 2 2 1 1 1 26 104 14 2 2 2 2 2 4 3 2 1 1 1
1 1 2 2 2 2 2 216 2 3 4 4 3 3 3 203 3 1 1 1 1 2 2 1 1 1 1 1 1 1 1 1 1 1 1 1 1 1 1 1 1 1 1 1 1 1 1 1 1 2 2 3 3 3 3 3 1 1 1 1 1 1 1 1 2 2 2 2 1 1 1 2 2 25 2 2 2 2 2 2 2 1 1 1 2 2 4 7 10 11 7 2 1 1 1 2
2 2 2 2 2 2 2 2 1 2 2 2 2 2 2 3 3 3 3 3 2 1 1 1 1 1 1 1 1 1 1 1 1 1 1 1 1 1 1 1 1 1 1 1 1 1 1 1 1 1 3 3 3 3 3 3 3 3 1 1 1 1 2 3 3 3 3 2 1 1 1 1 2 2 2 2 2 2 2 3 3 3 4 4 3 11 15 13 9 5 2 2 2 8 8 4
2 2 2 2 3 2 2 2 1 0 2 2 2 2 2 2 2 3 3 3 1 1 1 1 1 1 1 1 1 1 1 1 1 1 1 1 1 1 1 1 1 1 2 2 1 1 2 1 2 2 3 3 3 37 236 25 89 3 3 2 2 3 2 3 3 3 3 1 1 1 1 2 2 2 2 3 3 3 3 3 2 4 4 4 4 4 5 5 2 2 2 2 2 16 15 4
2 2 2 2 3 3 2 1 1 0 0 2 2 2 2 3 3 2 3 3 1 9 15 1 1 15 1 1 1 1 1 9 1 1 1 15 1 1 29 1 2 2 1 1 1 2 2 2 2 26 3 4 4 13 63 4 17 4 4 4 4 3 2 3 4 3 3 3 4 2 2 2 2 2 2 3 3 5 5 8 7 4 4 3 3 2 2 40 2 2 2 2 4 8 8 8
2 2 2 3 3 3 2 2 3 3 4 4 4 4 4 4 4 4 3 5 5 3 3 3 2 2 1 1 1 1 1 1 1 1 1 1 1 1 1 1 2 2 2 1 1 2 2 2 2 2 4 3 3 3 3 3 3 4 4 3 4 2 2 4 4 3 72 3 4 4 3 4 7 6 7 6 6 9 14 45 117 177 174 56 2 2 2 54 2 2 2 2 5 8 6 20
2 2 2 2 3 3 3 3 3 3 4 168 4 32 4 5 6 5 5 91 24 4 3 3 2 2 2 1 1 1 1 2 2 2 1 2 2 2 2 2 4 6 5 2 2 2 2 2 2 2 2 2 2 2 3 3 3 2 2 2 2 2 2 2 4 4 3 4 4 3 3 3 4 5 6 5 7 8 8 15 107 111 66 12 3 2 2 2 1 1 1 2 2 2 2 138
2 2 8 16 3 3 3 3 3 3 2 3 3 5 7 415 7 5 5 107 13 5 5 6 4 4 4 2 1 2 2 2 2 2 2 2 2 3 4 4 6 6 5 3 2 2 2 2 2 3 3 4 4 4 4 4 3 2 2 2 2 2 2 2 2 2 2 4 6 5 4 4 2 2 2 3 5 5 7 7 7 6 6 3 3 2 2 2 2 2 2 2 2 2 2 7
2 2 2 2 2 2 15 2 3 28 2 3 3 5 7 7 7 5 22 3 6 12 10 7 78 6 6 6 5 3 3 2 2 2 2 2 2 4 5 5 4 3 3 3 3 3 4 4 4 4 4 4 4 3 3 4 4 2 2 2 2 2 2 2 2 3 5 5 5 5 4 4 3 2 2 4 4 5 5 4 3 3 3 55 3 3 3 3 2 2 2 2 2 2 2 14
2 2 2 2 2 2 2 4 4 2 2 3 5 28 5 4 6 7 9 107 65 11 12 41 6 4 5 8 4 3 3 2 2 4 4 4 4 4 3 3 2 2 2 3 3 3 4 5 5 5 5 5 7 3 3 3 3 3 2 2 2 3 3 3 3 4 5 4 4 4 4 4 70 3 3 3 4 4 4 4 3 3 4 5 4 4 4 3 2 2 2 2 2 8 13 17
53 3 4 5 2 41 5 6 4 2 2 2 3 5 3 3 4 4 30 136 71 52 7 7 5 3 3 7 8 7 11 6 4 4 4 4 3 2 2 2 2 2 2 2 2 4 5 5 5 6 6 6 7 8 6 4 4 4 3 2 2 2 3 3 4 5 5 6 325 80 5 4 3 3 3 3 3 3 4 4 3 2 2 2 4 4 3 3 3 3 4 4 4 11 17 20
4 8 8 35 91 7 7 9 13 10 3 30 3 5 6 6 7 4 4 7 6 5 5 6 6 4 3 7 9 34 34 10 5 5 5 4 3 2 2 2 2 3 2 1 1 4 5 176 5 6 6 5 5 6 7 5 6 6 5 5 4 3 3 3 4 4 5 8 19 7 5 77 60 3 3 3 3 3 3 5 8 8 4 3 3 3 5 30 3 3 3 4 4 4 5 20
6 7 65 6 11 11 52 13 84 13 11 51 9 32 5 6 7 14 8 9 10 101 5 6 6 6 6 8 10 14 14 617 220 6 6 6 6 4 3 3 2 4 19 1 2 5 5 5 5 5 4 4 5 6 7 8 7 7 8 7 9 5 3 3 33 4 4 5 6 5 4 4 9 6 3 6 15 3 4 6 7 7 4 3 3 3 3 3 3 3 3 4 4 4 5 16
6 8 9 48 16 12 14 26 41 26 14 11 10 7 7 4 31 209 7 8 6 4 6 8 35 7 6 9 9 53 216 210 53 8 7 6 6 5 4 4 5 6 7 10 32 270 82 6 5 6 6 7 7 7 7 8 7 6 8 10 40 10 3 3 3 5 5 5 5 5 5 4 4 78 4 3 3 3 5 5 4 3 3 3 3 3 3 3 4 4 4 3 2 2 2 3
9 15 17 39 27 685 1114 417 77 187 57 96 12 11 10 16 18 5 5 5 5 5 4 5 7 6 7 8 53 7 6 6 5 7 8 6 5 6 6 5 8 9 11 13 12 12 13 14 10 48 118 104 429 85 6 6 6 6 6 6 5 5 3 3 11 11 7 5 5 5 4 3 15 3 4 5 5 5 5 4 4 4 2 2 2 2 2 3 4 5 3 2 2 2 2 4
11 15 28 36 32 1376 2199 706 170 38 26 19 19 16 26 7 4 3 53 3 4 4 5 28 65 7 7 7 5 5 7 6 5 6 6 5 6 8 8 6 9 7 6 11 12 11 11 13 13 11 5 23 149 9 6 5 5 5 5 5 5 5 4 127 50 322 4 5 5 5 4 4 4 5 5 5 5 4 4 4 4 3 2 2 2 2 3 3 3 3 3 3 2 2 3 4
29 16 42 25 17 56 277 78 25 35 53 31 54 7 7 7 6 3 3 3 4 6 6 6 52 5 32 5 5 5 8 75 6 6 5 4 6 7 5 4 4 29 4 10 9 43 11 10 8 4 4 5 6 5 3 5 3 4 44 4 4 6 7 4 26 2 6 7 4 5 4 4 5 5 5 25 5 3 25 3 3 2 2 2 2 2 2 2 2 2 3 3 4 6 8 18
12 14 76 11 13 33 26 15 11 12 15 80 9 7 6 5 3 3 3 3 4 4 5 5 5 5 5 5 5 5 5 7 6 6 5 5 4 5 4 3 4 4 4 5 7 11 11 12 8 6 4 5 5 2 2 4 4 4 4 4 3 3 4 2 3 3 6 6 4 4 4 4 4 4 4 4 4 4 4 3 19 2 2 3 4 5 5 5 3 2 3 4 35 20 31 32
9 8 8 9 9 115 10 8 79 8 24 48 15 12 6 6 6 4 3 3 4 25 4 3 3 3 6 7 5 4 5 6 6 6 5 4 4 4 4 6 8 6 32 4 7 10 9 9 8 8 6 4 3 3 3 3 4 5 6 8 5 4 4 4 6 86 3 4 25 4 4 5 5 5 5 3 3 5 7 56 297 103 4 4 5 27 4 2 22 1 2 3 5 20 20 11
69 48 4 5 5 6 6 8 9 12 8 22 7 7 247 85 9 5 4 4 6 5 3 3 3 4 3 3 3 3 3 4 4 4 4 5 5 6 7 7 7 6 3 3 4 5 7 6 6 7 3 3 4 4 3 3 4 6 6 7 5 4 4 4 4 4 42 58 6 6 65 3 3 5 5 3 3 8 8 89 124 5 4 2 2 2 2 1 1 16 1 2 4 7 2 2
76 35 4 3 47 7 10 9 6 6 8 7 5 4 8 8 5 4 5 5 6 5 4 24 4 4 5 5 4 5 7 6 6 3 3 5 8 7 9 10 8 7 5 4 4 4 5 7 27 324 131 6 5 3 3 4 4 4 4 6 5 5 4 4 3 3 3 4 6 6 58 3 3 4 4 3 4 7 7 7 7 7 3 2 2 1 1 1 1 1 1 1 2 2 25 3
7 10 10 6 7 13 351 26 11 8 10 7 7 8 8 6 6 5 5 4 3 4 4 4 4 5 6 6 7 6 4 11 4 4 4 34 126 92 8 7 6 6 5 5 5 4 4 4 27 72 6 6 4 3 78 4 5 3 4 5 5 3 3 3 3 3 3 3 6 8 3 3 48 2 4 5 17 3 4 5 5 4 3 3 3 1 1 1 1 40 1 2 2 3 3 4
8 8 4 3 8 10 59 24 59 134 27 6 6 7 29 7 7 4 4 4 4 4 4 4 4 5 6 6 6 6 5 11 4 5 5 6 5 4 5 5 5 5 5 4 4 4 4 4 3 4 7 6 3 3 3 3 3 3 4 5 5 4 2 3 4 3 2 2 2 3 3 3 3 3 5 5 5 5 4 4 4 3 3 2 2 1 1 1 1 13 1 3 4 4 3 3
7 4 3 4 8 8 5 4 35 4 4 4 4 4 5 9 8 5 4 4 4 4 4 4 5 5 5 4 4 4 15 4 4 4 4 4 4 4 5 5 5 5 4 4 17 4 4 4 3 3 5 3 3 80 3 4 5 5 5 5 5 5 5 4 20 33 2 3 3 3 15 3 3 3 4 4 4 4 4 4 147 2 2 2 2 1 1 1 2 2 3 3 4 3 2 2
5 4 33 4 5 5 4 4 4 4 4 3 3 4 6 6 5 7 5 5 5 5 10 27 4 5 5 4 4 4 8 3 3 4 4 19 11 7 7 6 4 4 5 5 5 4 4 4 3 3 4 4 3 548 3 4 95 138 4 4 5 34 5 5 3 2 2 3 3 2 2 3 3 3 3 3 3 3 3 91 43 2 2 2 1 1 1 1 1 3 3 108 145 4 3 2
8 5 4 4 4 3 4 4 36 4 4 5 20 7 6 6 8 9 7 6 6 6 6 5 4 4 4 4 4 4 4 10 20 4 6 101 200 8 7 7 6 5 62 5 4 4 4 4 3 176 22 5 6 6 5 71 355 212 33 4 4 6 3 3 3 3 3 3 3 2 2 2 2 2 2 2 3 3 3 2 2 2 2 2 1 1 1 1 2 2 3 3 4 4 3 1
201 7 5 5 5 5 4 4 4 4 5 5 8 8 7 6 6 49 32 6 7 8 8 5 4 5 4 4 4 4 4 4 3 5 5 4 4 4 4 4 4 5 5 5 5 5 4 3 3 3 6 5 5 5 59 4 4 5 5 6 6 4 3 3 3 50 3 3 3 2 2 2 2 2 2 2 2 2 2 75 2 2 2 2 2 1 1 2 2 2 29 2 2 2 2 2
6 5 4 4 5 6 5 4 4 7 73 7 7 37 259 4 4 4 5 7 8 204 22 31 3 5 14 7 3 6 6 5 4 4 5 4 3 3 3 3 3 4 3 4 5 4 4 3 2 3 3 2 2 2 3 3 2 2 3 4 3 2 2 2 2 3 3 2 2 2 2 2 2 2 2 2 2 2 2 2 3 2 2 2 1 1 2 2 2 11 4 2 2 2 2 2
7 6 5 5 5 5 35 5 6 6 7 6 7 8 5 31 5 6 4 5 5 5 5 5 5 5 5 4 3 4 5 22 27 3 2 2 2 22 2 3 4 4 3 2 2 2 2 3 2 3 2 2 2 2 2 3 3 2 2 2 2 2 2 2 2 3 3 3 17 2 2 2 2 2 2 2 2 2 2 3 3 3 2 2 1 1 1 1 1 2 2 2 2 1 1 1
5 6 6 5 5 3 3 5 6 5 6 7 8 8 8 8 7 7 6 4 5 5 5 6 7 7 5 4 3 3 3 6 3 2 2 2 2 2 2 3 2 4 4 3 3 47 2 101 2 2 2 8 2 2 2 2 2 2 2 2 2 2 1 2 2 3 3 2 2 2 2 2 3 3 3 3 3 2 3 3 3 3 2 2 2 1 1 1 2 2 2 1 1 1 1 1
8 8 5 15 5 5 5 6 6 7 12 11 10 71 7 6 6 6 6 5 5 6 6 5 9 13 4 3 3 3 3 3 2 2 2 2 17 2 5 5 4 3 2 3 3 2 2 46 2 2 3 17 2 2 2 1 1 1 2 2 1 1 1 1 1 2 2 2 2 2 2 2 3 3 3 2 108 53 3 3 3 3 2 2 2 2 2 2 2 2 2 1 1 1 1 1
244 8 6 5 5 6 5 5 5 5 8 9 259 215 15 8 6 7 7 7 6 6 6 6 5 4 3 3 20 3 3 3 3 3 2 2 2 4 5 278 217 4 3 21 3 3 3 2 3 3 2 2 2 2 2 2 2 2 1 2 2 2 1 2 2 2 2 2 2 2 2 2 3 3 3 2 155 8 2 2 3 3 3 2 1 1 1 1 1 1 1 2 3 2 1 1
8 8 6 6 6 8 145 5 5 5 6 7 28 9 9 7 7 7 7 7 7 6 6 6 42 3 3 3 36 5 3 3 3 3 3 2 2 4 6 137 199 4 4 5 4 3 2 3 3 3 3 2 2 2 2 2 2 2 1 1 30 8 2 2 1 1 1 1 1 1 2 2 2 2 2 3 3 3 2 2 2 2 2 1 1 17 23 1 1 2 35 8 3 3 2 1
9 9 7 6 5 5 6 6 6 5 6 6 5 7 26 7 7 7 8 8 7 6 6 4 14 3 4 3 3 3 3 3 3 3 4 4 3 3 17 3 3 4 4 5 4 3 2 3 3 3 3 2 2 2 1 1 0 1 1 1 6 34 5 1 1 1 1 1 1 1 1 1 2 3 3 3 3 3 2 2 2 2 2 1 1 1 1 1 1 62 90 39 2 2 1 1
9 8 7 6 7 7 7 7 7 5 3 4 24 6 17 7 7 8 8 8 6 5 3 2 3 3 3 3 2 3 4 4 3 3 4 5 5 2 2 2 2 2 3 3 3 3 2 2 3 2 2 2 2 1 0 0 0 0 1 1 1 1 1 1 1 1 1 1 1 1 1 1 1 2 2 2 2 2 2 2 2 1 1 1 1 1 1 1 1 1 8 2 2 1 1 16
9 13 165 8 7 7 7 8 8 8 24 4 5 6 6 7 8 8 8 6 5 6 2 22 7 4 4 4 2 3 3 3 2 3 4 5 5 3 2 2 2 2 2 3 3 2 2 2 2 2 2 1 0 0 0 0 0 0 1 1 1 1 0 1 0 0 0 1 1 1 1 1 1 1 2 0 0 1 1 1 1 1 1 1 1 1 1 1 1 1 1 1 1 1 1 1
9 15 20 29 6 5 7 8 7 7 5 4 7 7 5 5 8 7 7 7 8 7 2 2 2 3 4 4 4 3 2 2 2 2 4 4 4 3 3 2 2 2 2 2 2 1 1 2 2 2 2 0 0 0 0 0 1 1 1 1 1 1 1 0 0 0 0 0 0 0 1 1 1 1 0 0 0 0 0 0 1 1 1 1 36 16 1 1 1 1 1 1 1 0 0 0
82 94 12 4 4 3 3 5 24 5 6 5 6 5 36 4 5 5 5 4 5 4 2 2 2 2 2 2 35 2 2 1 2 2 3 4 3 115 3 3 3 3 1 1 1 1 0 0 2 2 2 1 0 0 0 0 1 1 1 1 1 1 0 0 0 0 0 0 0 0 0 0 1 1 0 0 0 0 0 0 1 1 1 1 23 15 1 1 1 1 1 1 0 0 0 0
113 154 16 5 4 3 3 3 3 2 3 4 4 4 5 5 5 5 5 5 3 2 2 2 2 2 2 2 2 2 23 1 1 2 2 2 3 3 3 3 3 1 1 1 1 0 0 0 1 1 1 0 0 0 0 0 0 0 0 1 1 0 0 0 0 0 0 0 0 0 0 0 0 0 0 0 0 0 0 0 0 1 1 1 1 1 1 1 1 1 1 1 0 0 0 0
7 8 7 5 4 3 20 3 3 2 2 2 3 3 3 4 4 5 4 3 3 2 2 2 2 2 2 2 2 1 1 1 2 2 2 2 3 2 2 2 1 1 1 1 0 0 0 0 0 0 0 0 0 0 0 0 0 0 0 0 1 1 0 0 0 0 0 0 0 0 0 0 0 0 0 0 0 0 0 0 0 1 1 1 1 1 1 1 1 1 0 0 0 0 0 0
6 6 6 6 4 2 3 3 4 4 4 4 4 3 2 2 3 5 5 4 3 2 2 2 2 2 2 2 2 2 2 2 2 3 3 3 2 2 2 1 1 1 1 1 0 0 0 0 0 0 0 0 0 0 0 0 0 0 0 0 0 0 0 0 0 0 0 0 0 0 0 0 0 0 0 0 0 0 0 0 0 0 1 1 1 1 1 0 0 0 0 0 0 0 0 0
3 4 3 4 3 17 5 5 4 20 4 4 4 3 2 2 3 3 3 3 3 3 2 2 2 2 2 1 1 2 2 3 3 3 3 3 5 3 2 1 1 1 1 1 0 0 0 0 0 0 0 0 0 0 0 0 0 0 0 0 0 0 0 0 0 0 0 0 0 0 0 0 0 0 0 0 0 0 0 0 0 0 0 0 1 1 1 1 0 0 0 0 0 0 0 0
3 22 2 3 3 9 43 12 4 62 24 4 3 4 4 3 4 22 3 3 3 3 2 2 1 2 2 2 2 3 4 5 5 5 231 71 6 4 2 1 1 1 1 0 0 0 0 0 0 0 0 0 0 0 0 0 0 0 0 0 0 0 0 0 0 0 0 0 0 0 0 0 0 0 0 0 0 0 0 0 0 0 0 0 0 1 1 1 0 0 0 0 0 0 0 0
3 3 3 5 5 28 57 23 16 12 66 12 22 103 4 4 4 4 4 3 3 2 2 2 3 3 3 3 3 3 4 4 5 375 77 5 3 3 2 1 1 1 1 0 0 0 0 0 0 0 0 0 0 0 0 0 0 0 0 0 0 0 0 0 0 0 0 0 0 0 0 0 0 0 0 0 0 0 0 0 0 0 0 0 0 0 0 0 0 0 0 0 0 0 0 0
3 4 3 3 44 11 5 52 64 27 28 35 9 18 24 28 30 18 5 3 5 5 4 4 3 2 3 3 2 3 4 4 3 30 28 3 2 2 2 1 30 1 1 1 0 0 0 0 0 0 0 0 0 0 0 0 0 0 0 0 0 0 0 0 0 0 0 0 0 0 0 0 0 0 0 0 0 0 0 0 0 0 0 0 0 0 0 0 0 0 0 0 0 0 0 0
4 4 3 3 6 26 33 88 96 41 42 43 31 21 28 28 38 10 24 31 5 6 4 4 3 2 2 2 2 2 2 2 2 2 2 2 1 1 2 2 2 1 1 1 1 0 0 0 0 0 0 0 0 0 0 0 0 0 0 0 0 0 0 0 0 0 0 0 0 0 0 0 0 0 0 0 0 0 0 0 0 0 0 0 0 0 0 0 0 0 0 0 0 0 0 0
4 4 4 3 7 9 68 121 63 5 6 5 3 4 2 58 25 5 5 4 5 5 5 4 5 4 4 1 3 3 2 2 2 1 1 1 1 1 1 2 2 1 1 1 1 0 0 0 0 0 0 0 0 0 0 0 0 0 0 0 0 0 0 0 0 0 0 0 0 0 0 0 0 0 0 0 0 0 0 0 0 0 0 0 0 0 0 0 0 0 0 0 0 0 0 0
4 4 4 3 6 8 8 5 6 6 6 6 5 4 3 24 64 88 7 6 6 5 5 5 100 1 1 3 3 3 3 1 1 1 1 1 1 1 1 1 1 2 1 1 1 1 1 1 1 0 0 0 0 0 0 0 0 0 0 0 0 0 0 0 0 0 0 0 0 0 0 0 0 0 0 0 0 0 0 0 0 0 0 0 0 0 0 0 0 0 0 0 0 0 0 0
4 4 3 3 3 5 5 4 4 8 8 75 9 11 93 67 109 9 8 10 10 6 5 5 4 2 2 2 2 2 2 1 1 1 1 1 1 1 1 1 1 1 1 1 1 1 1 1 1 2 1 0 0 0 0 0 0 0 0 0 0 0 0 0 0 0 0 0 0 0 0 0 0 0 0 0 0 0 0 0 0 0 0 0 0 0 0 0 0 0 0 0 0 0 0 0
2 3 3 3 4 17 126 17 4 5 5 86 2 63 305 111 11 8 5 4 6 5 5 4 3 2 2 2 2 2 1 1 1 1 1 1 1 1 1 0 0 0 1 1 1 1 1 1 1 2 2 0 0 0 0 0 0 0 0 0 0 0 0 46 11 0 0 0 0 0 0 0 0 0 0 0 0 0 0 0 0 0 0 0 0 0 0 0 0 0 0 0 0 0 0 0
3 3 14 19 2 1 0 0 0 12 4 7 8 8 8 7 6 6 6 5 5 5 6 4 3 2 2 2 2 1 1 1 1 1 1 1 1 0 0 0 0 0 0 1 1 2 1 1 2 2 2 2 0 0 0 0 0 0 0 0 0 0 0 0 0 0 0 0 0 0 0 0 0 0 0 0 0 0 0 0 0 0 0 0 0 0 0 0 0 0 0 0 0 0 0 0
2 1 2 16 0 0 0 3 21 43 6 7 8 7 7 7 6 6 7 5 4 4 4 4 3 3 3 2 2 2 2 2 1 1 1 1 0 0 0 0 0 0 0 1 2 2 2 2 2 2 1 1 0 0 0 0 0 0 0 0 0 0 0 0 0 0 0 0 0 0 0 0 0 0 0 0 0 0 0 0 0 0 0 0 0 0 0 0 0 0 0 0 0 0 0 0
0 0 0 0 0 0 0 2 3 5 7 9 9 9 8 7 8 7 7 5 5 4 35 4 3 3 2 2 2 2 2 1 23 25 1 1 0 0 0 0 0 0 1 2 2 2 2 102 141 4 4 4 2 1 0 0 0 0 0 0 0 0 0 0 0 0 0 0 0 0 0 0 0 0 0 0 0 0 0 0 0 0 0 0 0 0 0 0 0 0 0 0 0 0 0 0
0 0 0 0 0 0 0 0 3 5 9 10 10 10 10 9 9 7 6 7 6 5 5 5 5 3 3 3 2 2 1 1 2 2 1 0 0 0 0 0 0 0 0 1 3 6 7 51 12 6 4 4 3 0 0 0 0 0 0 0 0 0 0 0 0 0 0 0 0 0 0 0 0 0 0 0 0 0 0 0 0 0 0 0 0 0 0 0 0 0 0 0 0 0 0 0
0 0 0 0 0 0 0 4 6 6 7 9 9 9 9 9 40 8 6 6 7 5 5 5 5 4 4 4 3 3 2 2 1 1 1 1 1 0 0 0 0 0 0 1 4 4 8 5 5 5 4 2 0 0 0 0 0 0 0 0 0 0 0 0 0 0 0 0 0 0 0 0 0 0 0 0 0 0 0 0 0 0 0 0 0 0 0 0 0 0 0 0 0 0 0 0
0 0 0 0 0 0 5 7 8 7 10 16 16 23 12 9 9 9 10 8 8 7 8 5 5 5 5 5 4 3 3 3 2 1 1 1 1 0 0 0 0 0 0 1 3 3 5 6 2 3 3 0 0 0 0 0 0 0 0 0 0 0 0 0 0 0 0 0 0 0 0 0 0 0 0 0 0 0 0 0 0 0 0 0 0 0 0 0 0 0 0 0 0 0 0 0
3 35 26 11 7 6 9 8 13 13 9 16 18 74 47 15 11 14 43 13 8 8 13 9 7 6 8 7 4 2 2 3 2 2 2 2 1 0 0 0 0 0 0 1 1 1 1 1 0 0 0 0 0 0 0 0 0 0 0 0 0 0 0 0 0 0 0 0 0 0 0 0 0 0 0 0 0 0 0 0 0 0 0 0 0 0 0 0 0 0 0 0 0 0 0 0
3 9 6 11 24 19 12 13 28 13 17 129 107 46 15 16 13 14 16 15 24 11 18 128 22 6 7 8 8 8 7 6 3 2 2 2 2 2 1 0 0 0 0 1 1 1 0 0 1 0 0 0 0 0 0 0 0 0 0 0 0 0 0 0 0 0 0 0 0 0 0 0 0 0 0 0 0 0 0 0 0 0 0 0 0 0 0 0 0 0 0 0 0 0 0 0
0 0 0 0 6 41 60 38 12 12 11 22 36 14 9 9 10 13 16 18 70 11 8 15 14 7 4 7 6 4 5 5 30 3 2 3 3 4 3 0 0 1 2 1 1 0 0 0 0 0 0 0 0 0 0 0 0 0 0 0 0 0 0 0 0 0 0 0 0 0 0 0 0 0 0 0 0 0 0 0 0 0 0 0 0 0 0 0 0 0 0 0 0 0 0 0
0 0 0 0 0 11 48 22 15 14 11 11 8 8 8 32 87 6 34 13 9 9 7 62 9 4 3 6 7 4 4 5 5 4 4 4 4 3 6 1 1 1 3 1 0 0 0 0 0 0 0 0 0 0 0 0 0 0 0 0 0 0 0 0 0 0 0 0 0 0 0 0 0 0 0 0 0 0 0 0 0 0 0 0 0 0 0 0 0 0 0 0 0 0 0 0
0 0 0 0 0 0 0 0 5 13 12 7 7 8 9 8 4 4 5 6 7 7 8 11 21 5 5 7 7 9 9 10 8 3 4 4 4 2 1 1 0 1 3 2 1 0 0 0 0 0 0 0 0 0 0 0 0 0 0 0 0 0 0 0 0 0 0 0 0 0 0 0 0 0 0 0 0 0 0 0 0 0 0 0 0 0 0 0 0 0 0 0 0 0 0 0
0 0 0 0 0 0 0 0 0 0 0 2 38 10 10 7 4 4 5 5 5 6 7 10 52 10 10 51 157 40 12 10 9 3 3 3 3 2 1 1 1 2 3 4 4 1 8 5 0 0 0 0 0 0 0 0 0 0 0 0 0 0 0 0 0 0 0 0 0 0 0 0 0 0 0 0 0 0 0 0 0 0 0 0 0 0 0 0 0 0 0 0 0 0 0 0
