data/raw/gdp/gdp25_15mi.txt
ncols         1440
nrows         572
xllcorner     -180
yllcorner     -58.000000000011
cellsize      0.250002
NODATA_value  -9999
[rows 164 to 245 of 572, columns 1056 to 1151 of 1440]
2 2 2 2 3 3 3 3 3 4 4 6 7 4 5 7 4 3 3 3 3 3 3 2 1 1 1 1 1 1 1 1 1 1 1 1 1 1 1 1 0 0 0 0 0 0 0 1 1 1 1 1 1 1 1 1 1 1 1 1 1 0 0 0 0 0 0 0 0 0 0 0 0 0 0 0 0 0 0 0 0 0 0 0 0 0 0 0 0 0 0 0 0 0 0 0
3 3 3 2 2 3 3 3 3 4 5 7 5 79 252 118 4 4 4 4 3 3 3 2 1 1 1 1 1 1 1 1 1 1 1 1 1 1 1 0 0 0 0 0 0 0 0 1 1 1 1 1 1 1 1 1 1 1 1 1 1 0 0 0 0 0 0 0 0 0 0 0 0 0 0 0 0 0 0 0 0 0 0 0 0 0 0 0 0 0 0 0 0 0 0 0
7 6 1 1 1 2 2 1 2 4 7 6 4 4 3 3 3 4 4 3 3 3 3 1 1 1 1 1 1 1 1 1 1 1 1 1 1 1 1 0 0 0 0 0 0 0 0 0 1 1 1 1 1 1 1 1 1 1 1 1 1 0 0 0 0 0 0 0 0 0 0 0 0 0 0 0 0 0 0 0 0 0 0 0 0 0 0 0 0 0 0 0 0 0 0 0
3 1 1 1 1 1 1 1 1 2 4 4 3 2 1 1 1 2 3 3 3 3 3 1 1 1 1 1 1 1 1 1 1 1 1 1 1 1 1 1 1 0 0 0 0 0 0 0 0 1 1 1 1 1 1 1 1 1 1 1 1 1 0 0 0 0 0 0 0 0 0 0 0 0 0 0 0 0 0 0 0 0 0 0 0 0 0 0 0 0 0 0 0 0 0 0
1 1 1 1 1 1 1 1 1 1 1 1 1 1 1 1 1 1 2 2 3 3 2 1 1 1 1 1 1 1 1 1 1 1 1 1 1 1 1 1 1 1 1 1 1 1 1 0 0 1 1 1 1 1 1 1 1 1 1 1 1 1 0 0 0 0 0 0 0 0 0 0 0 0 0 0 0 0 0 0 0 0 0 0 0 0 0 0 0 0 0 0 0 0 0 0
1 1 1 1 1 1 1 1 1 1 1 1 1 1 1 1 1 1 1 3 3 3 2 1 1 1 1 1 1 1 1 1 1 1 1 1 1 1 1 1 1 1 1 1 1 1 1 1 0 0 0 0 0 0 0 0 0 0 0 0 0 0 0 0 0 0 0 0 0 0 0 0 0 0 0 0 0 0 0 0 0 0 0 0 0 0 0 0 0 0 0 0 0 0 0 0
1 1 1 1 1 1 1 1 1 1 1 1 1 1 1 1 1 1 2 3 3 3 2 1 1 1 1 1 1 1 1 1 1 1 1 1 1 1 1 1 1 1 1 1 1 1 1 1 0 0 0 0 0 0 0 0 0 0 0 0 0 0 0 0 0 0 0 0 0 0 0 0 0 0 0 0 0 0 0 0 0 0 0 0 0 0 0 0 0 0 0 0 0 1 1 1
1 1 1 1 1 5 4 4 5 8 7 2 1 1 1 1 1 1 1 3 3 3 1 1 1 1 1 1 1 1 1 1 1 1 1 1 1 1 1 1 1 1 1 1 1 1 1 1 0 0 0 0 0 0 0 0 0 0 0 0 0 0 0 0 0 0 0 0 0 0 0 0 0 0 0 0 0 0 0 0 0 0 0 0 0 0 0 0 0 0 0 0 0 1 1 1
1 1 1 1 1 7 7 7 10 11 5 3 3 1 1 1 1 1 1 2 3 3 2 1 1 1 1 1 1 1 1 1 1 1 1 1 1 1 1 1 1 1 1 1 1 1 1 0 0 0 0 0 0 0 0 0 0 0 0 0 0 0 0 0 0 0 0 0 0 0 0 0 0 0 0 0 0 0 0 0 0 0 0 0 0 0 0 0 0 0 0 0 0 0 1 1
1 1 1 1 2 7 7 7 6 2 2 2 2 1 1 1 1 1 1 1 2 3 2 1 1 1 1 1 1 1 1 1 1 1 1 1 1 1 1 1 1 1 1 1 1 1 0 0 0 0 0 0 0 0 0 0 0 0 0 0 0 0 0 0 0 0 0 0 0 0 0 0 0 0 0 0 0 0 0 0 0 0 0 0 0 0 0 0 0 0 0 0 0 1 1 1
1 1 1 1 1 6 7 7 2 0 0 0 0 0 0 0 0 0 0 1 1 2 1 0 1 1 1 1 1 1 1 1 1 1 1 1 1 1 1 1 1 1 1 1 1 1 1 0 0 0 0 0 0 0 0 0 0 0 0 0 0 0 0 0 0 0 0 0 0 0 0 0 0 0 0 0 0 0 0 0 0 0 0 0 0 0 0 0 0 0 0 0 0 1 3 1
2 0 0 1 1 1 1 0 0 0 0 0 0 0 0 0 0 0 0 0 0 0 0 0 0 0 0 0 0 0 0 0 0 0 0 0 1 1 1 1 1 1 1 1 1 1 1 0 0 0 0 0 0 0 0 0 0 0 0 0 0 0 0 0 0 0 0 0 0 0 0 0 0 0 0 0 0 0 0 0 0 0 0 0 0 0 0 0 0 0 0 1 14 33 34 17
2 0 0 0 0 0 0 0 0 0 0 0 0 0 0 0 0 0 0 0 0 0 0 0 0 0 0 0 0 0 0 0 0 0 0 0 0 0 0 1 1 1 1 1 1 1 1 1 1 1 0 0 0 0 0 1 2 0 0 0 1 1 1 1 0 0 0 0 0 0 0 0 0 0 0 0 0 0 0 0 0 0 0 0 0 0 0 0 1 4 8 28 34 37 29 13
0 0 0 0 0 0 0 0 0 0 0 0 0 0 0 0 0 0 0 0 0 0 0 0 0 0 0 0 0 0 0 0 0 0 0 0 0 0 1 1 1 1 1 1 1 0 1 1 1 1 1 1 3 3 3 3 2 0 0 1 2 2 2 2 1 0 0 0 0 0 0 0 0 0 0 0 0 0 0 0 0 0 0 0 0 0 0 0 0 3 7 10 25 14 2 1
0 0 0 0 0 0 0 0 0 0 0 0 0 0 0 0 0 0 0 0 0 0 0 0 0 0 0 0 0 0 0 0 0 0 0 0 1 1 1 1 1 1 1 0 1 1 1 1 1 1 1 2 3 3 3 3 2 2 2 2 2 2 2 2 0 0 0 0 0 0 0 0 0 0 0 0 0 0 0 0 0 0 0 0 0 0 0 0 0 0 4 6 4 1 1 1
0 0 0 0 0 0 0 0 0 0 0 0 0 0 0 0 0 0 0 0 0 0 0 0 0 0 0 0 0 0 0 0 0 0 0 0 1 1 1 1 1 1 1 1 1 1 1 1 1 1 1 3 3 3 3 3 2 2 2 2 2 2 1 0 0 0 0 0 0 0 0 0 0 0 0 0 0 0 0 0 0 0 0 0 0 0 0 0 0 0 0 2 1 1 1 1
0 0 0 0 0 0 0 0 0 0 0 0 0 0 0 0 0 0 0 0 0 0 0 0 0 0 0 0 0 0 0 0 0 0 0 1 1 1 1 1 1 1 1 1 0 0 0 0 0 0 2 3 3 3 3 4 14 15 15 10 3 4 3 1 0 0 0 0 0 0 0 0 0 0 0 0 0 0 0 0 0 0 0 0 0 0 0 0 0 0 0 6 1 1 1 1
0 0 0 0 0 0 0 0 0 0 0 0 0 0 0 0 0 0 0 0 0 0 0 0 0 0 0 0 0 0 0 0 0 0 0 1 1 0 0 0 0 1 0 0 0 0 0 0 0 0 0 1 0 1 1 3 6 11 18 12 4 3 7 8 8 1 0 0 0 0 0 0 0 0 0 0 0 0 0 0 0 0 0 0 0 0 0 0 0 0 6 46 1 1 1 1
0 0 0 0 0 0 0 0 0 0 0 0 0 0 0 0 0 0 0 0 0 0 0 0 0 0 0 0 0 0 0 0 0 0 0 0 0 0 0 0 0 0 0 0 0 0 0 0 0 0 0 0 0 0 0 0 0 0 5 11 16 6 7 8 10 10 13 5 0 0 0 0 0 0 0 0 0 1 2 3 1 0 0 0 0 0 0 0 0 5 36 48 1 1 1 1
0 0 0 0 0 0 0 0 0 0 0 0 0 0 0 0 0 0 0 0 0 0 0 0 0 0 0 0 0 0 0 0 0 0 0 0 0 0 0 0 0 0 0 0 0 0 0 0 0 0 0 0 0 0 0 0 0 0 0 0 3 4 1 3 12 21 25 9 0 0 0 1 2 3 2 2 2 3 3 3 2 0 0 0 0 0 0 0 8 36 41 17 1 1 1 1
0 0 0 0 0 0 0 0 0 0 0 0 0 0 0 0 0 0 0 0 0 0 0 0 0 0 0 0 0 0 0 0 0 0 0 0 0 0 0 0 0 0 0 0 0 0 0 0 0 0 0 0 0 0 0 0 0 1 1 1 1 0 0 0 11 25 23 9 6 1 0 1 6 5 3 3 3 3 3 3 1 0 0 0 0 0 0 4 24 25 21 6 1 1 1 1
0 0 0 0 0 0 0 0 0 0 0 0 0 0 0 0 0 0 0 0 0 0 0 0 0 0 0 0 0 0 0 0 0 0 0 0 0 0 0 0 0 0 0 0 0 0 0 0 0 0 0 0 0 0 0 0 0 0 1 1 1 1 0 0 2 16 15 14 8 8 5 6 18 21 4 3 3 3 3 1 0 0 0 0 0 0 0 35 59 30 12 1 1 1 1 1
0 0 0 0 0 0 0 0 0 0 0 0 0 0 0 0 0 0 0 0 0 0 0 0 0 0 0 0 0 0 0 0 0 0 0 0 0 0 0 0 0 0 0 0 0 0 0 0 0 0 0 0 0 0 0 0 0 0 0 0 1 1 1 0 1 0 9 14 8 8 7 8 18 13 6 3 3 3 1 0 0 0 0 0 0 0 0 31 52 45 6 1 1 1 1 1
0 0 0 0 0 0 0 0 0 0 0 0 0 0 0 0 0 0 0 0 0 0 0 0 0 0 0 0 0 0 0 0 0 0 0 0 0 0 0 0 0 0 0 0 0 0 0 0 0 0 0 0 0 0 0 0 0 0 0 0 0 0 0 1 1 1 6 13 8 6 5 6 10 20 23 21 20 6 0 0 0 0 0 0 0 0 0 20 30 13 11 4 3 2 1 1
0 0 0 0 0 0 0 0 0 0 0 0 0 0 0 0 0 0 0 0 0 0 0 0 0 0 0 0 0 0 0 0 0 0 0 0 0 0 0 0 0 0 0 0 0 0 0 0 0 0 0 0 0 0 0 0 0 0 0 0 0 0 1 1 1 1 1 1 3 1 0 0 15 31 31 31 27 12 2 0 0 0 0 0 0 0 2 20 40 18 12 6 4 4 4 3
0 0 0 0 0 0 0 0 0 0 0 0 0 0 0 0 0 0 0 0 0 0 0 0 0 0 0 0 0 0 0 0 0 0 0 0 0 0 0 0 0 0 0 0 0 0 0 0 0 0 0 0 0 0 0 0 0 0 0 0 0 0 1 1 1 1 1 1 3 5 3 4 20 21 23 22 13 13 13 4 0 1 2 2 7 11 18 20 42 19 9 4 4 6 8 8
0 0 0 0 0 0 0 0 0 0 0 0 0 0 0 0 0 0 0 0 0 0 0 0 0 0 0 0 0 0 0 0 0 0 0 0 0 0 0 0 0 0 0 0 0 0 0 0 0 0 0 0 0 0 0 0 0 0 0 0 0 0 1 1 1 1 1 3 17 14 7 6 6 7 12 12 11 13 13 8 6 7 10 13 13 13 17 16 9 8 6 4 4 7 8 8
0 0 0 0 0 0 0 0 0 0 0 0 0 0 0 0 0 0 0 0 0 0 0 0 0 0 0 0 0 0 0 0 0 0 0 0 0 0 0 0 0 0 0 0 0 0 0 0 0 0 0 0 0 0 0 0 0 0 1 1 0 1 1 0 0 1 2 2 8 24 26 19 11 12 7 7 8 8 9 7 7 11 13 13 13 11 11 8 8 8 7 5 5 7 8 7
0 0 0 0 0 0 0 0 0 0 0 0 0 0 0 0 0 0 0 0 0 0 0 0 0 0 0 0 0 0 0 0 0 0 0 0 0 0 0 0 0 0 0 0 0 0 0 0 0 0 0 0 0 0 0 0 1 1 2 2 2 2 2 0 0 0 1 3 7 25 29 24 23 22 13 11 15 13 10 7 10 11 16 14 13 11 10 10 8 8 7 6 6 7 7 6
0 0 0 0 0 0 0 0 0 0 0 0 0 0 0 0 0 0 0 0 0 0 0 0 0 0 0 0 0 0 0 0 0 0 0 0 0 0 0 0 0 0 0 0 0 0 0 0 0 0 0 0 0 0 0 0 0 0 1 1 2 2 2 2 1 1 1 3 17 30 125 150 23 22 17 16 17 17 15 9 47 25 14 16 18 12 11 11 13 12 6 6 6 6 6 6
0 0 0 0 0 0 0 0 0 0 0 0 0 0 0 0 0 0 0 0 0 0 0 0 0 0 0 0 0 0 0 0 0 0 0 0 0 0 0 0 0 0 0 0 0 0 0 0 0 0 0 0 0 0 0 0 0 0 0 0 2 2 2 2 2 2 2 2 8 19 31 29 25 21 27 75 63 17 15 9 13 28 14 14 16 16 11 11 22 23 7 6 6 6 7 6
0 0 0 0 0 0 0 0 0 0 0 0 0 0 0 0 0 0 0 0 0 0 0 0 0 0 0 0 0 0 0 0 0 0 0 0 0 0 0 0 0 0 0 0 0 0 0 0 0 0 0 0 0 0 0 0 0 0 0 0 1 2 2 1 2 2 2 2 4 5 6 11 15 16 28 33 57 99 110 93 17 25 19 18 18 19 21 20 23 23 17 20 13 17 22 18
0 0 0 0 0 0 0 0 0 0 0 0 0 0 0 0 0 0 0 0 0 0 0 0 0 0 0 0 0 0 0 0 0 0 0 0 0 0 0 0 0 0 0 0 0 0 0 0 0 0 0 0 0 0 0 0 0 0 0 0 1 1 1 1 1 2 2 2 2 4 5 6 12 14 20 36 25 26 61 84 25 24 23 19 18 21 25 25 24 20 17 21 26 25 33 17
0 0 0 0 0 0 0 0 0 0 0 0 0 0 0 0 0 0 0 0 0 0 0 0 0 0 0 0 0 0 0 0 0 0 0 0 0 0 0 0 0 0 0 0 0 0 0 0 0 0 0 0 0 0 0 0 0 0 0 0 0 1 1 1 1 2 2 2 2 3 5 5 5 9 16 47 95 32 34 35 29 24 23 22 18 21 37 32 34 26 38 33 26 26 50 38
0 0 0 0 0 0 0 0 0 0 0 0 0 0 0 0 0 0 0 0 0 0 0 0 0 0 0 0 0 0 0 0 0 0 0 0 0 0 0 0 0 0 0 0 0 0 0 0 0 0 0 0 0 0 0 0 0 0 0 0 0 1 1 1 1 2 2 2 2 2 1 3 4 4 4 24 45 43 46 36 32 28 29 26 25 30 38 43 45 27 36 32 32 39 40 37
0 0 0 0 0 0 0 0 0 0 0 0 0 0 0 0 0 0 0 0 0 0 0 0 0 0 0 0 0 0 0 0 0 0 0 0 0 0 0 0 0 0 0 0 0 0 0 0 0 0 0 0 0 0 0 0 0 0 0 0 0 1 1 1 1 2 2 1 1 1 1 1 3 4 3 3 5 17 30 31 30 33 36 31 27 37 46 50 45 38 26 22 22 25 29 52
0 0 0 0 0 0 0 0 0 0 0 0 0 0 0 0 0 0 0 0 0 0 0 0 0 0 0 0 0 0 0 0 0 0 0 0 0 0 0 0 0 0 0 0 0 0 0 0 0 0 0 0 0 0 0 0 0 0 0 0 0 0 1 1 1 1 2 2 1 1 1 2 3 3 3 3 3 3 13 12 20 22 32 36 52 64 58 52 33 36 23 20 23 19 12 27
0 0 0 0 0 0 0 0 0 0 0 0 0 0 0 0 0 0 0 0 0 0 0 0 0 0 0 0 0 0 0 0 0 0 0 0 0 0 0 0 0 0 0 0 0 0 0 0 0 0 0 0 0 0 0 0 0 0 0 0 0 0 0 0 0 0 1 1 1 1 1 2 3 2 2 2 5 9 14 20 20 17 24 37 51 75 57 29 26 32 32 38 36 72 65 52
0 0 0 0 0 0 0 0 0 0 0 0 0 0 0 0 0 0 0 0 0 0 0 0 0 0 0 0 0 0 0 0 0 0 0 0 0 0 0 0 0 0 0 0 0 0 0 0 0 0 1 1 1 0 0 0 0 0 0 0 0 0 1 1 0 0 0 1 1 1 1 1 1 1 1 3 3 3 4 20 21 21 22 25 23 40 49 28 22 22 29 46 110 59 89 109
0 0 0 0 0 0 0 0 0 0 0 0 0 0 0 0 0 0 0 0 0 0 0 0 0 0 0 0 0 0 0 0 0 0 0 0 0 0 0 0 0 0 0 0 0 0 0 0 0 0 0 1 1 1 0 0 0 0 0 0 0 0 1 1 1 1 1 1 1 1 1 1 1 1 1 1 2 2 2 4 16 16 18 21 23 30 22 18 18 13 7 8 49 18 38 65
0 0 0 0 0 0 0 0 0 0 0 0 0 0 0 0 0 0 0 0 0 0 0 0 0 0 0 0 0 0 0 0 0 0 0 0 0 0 0 0 0 0 0 0 0 0 0 0 0 0 0 1 1 1 1 0 0 0 0 0 0 0 1 1 1 1 0 0 1 1 1 1 1 1 1 1 1 2 2 4 10 14 16 21 28 35 29 17 14 8 7 7 5 4 10 40
0 0 0 0 0 0 0 0 0 0 0 0 0 0 0 0 0 0 0 0 0 0 0 0 0 0 0 0 0 0 0 0 0 0 0 0 0 0 0 0 0 0 0 0 0 0 0 0 0 1 1 1 1 1 1 1 1 1 0 0 0 0 0 0 0 0 0 0 0 0 1 1 1 1 1 1 1 1 2 2 6 9 16 21 24 23 25 22 15 12 12 5 19 25 21 10
0 0 0 0 0 0 0 0 0 0 0 0 0 0 0 0 0 0 0 0 0 0 0 0 0 0 0 0 0 0 0 0 0 0 0 0 0 0 0 0 0 0 0 0 0 0 0 0 1 1 1 1 1 1 1 1 1 1 1 0 0 0 0 0 0 0 0 0 0 0 1 1 1 1 1 1 1 1 2 2 2 7 11 19 21 17 14 15 15 16 34 31 52 34 27 20
0 0 0 0 0 0 0 0 0 0 0 0 0 0 0 0 0 0 0 0 0 0 0 0 0 0 0 0 0 0 0 0 0 0 0 0 0 0 0 0 0 0 0 0 0 0 0 0 1 1 1 1 1 1 1 1 1 1 1 0 0 0 0 0 1 1 1 0 1 1 1 1 1 1 1 1 1 1 2 2 2 6 8 9 20 19 14 15 19 24 35 56 100 39 27 27
0 0 0 0 0 0 0 0 0 0 0 0 0 0 0 0 0 0 0 0 0 0 0 0 0 0 0 0 0 0 0 0 0 0 0 0 0 0 0 0 0 0 0 0 0 0 0 1 1 1 1 1 1 1 1 1 1 1 1 1 1 1 0 1 1 1 1 1 1 1 1 1 1 1 1 1 1 1 2 2 5 7 8 8 13 16 19 21 21 21 34 37 39 36 25 25
0 0 0 0 0 0 0 0 0 0 0 0 0 0 0 0 0 0 0 0 0 0 0 0 0 0 0 0 0 0 0 0 0 0 0 0 0 0 0 0 0 0 0 0 0 0 0 1 1 1 1 1 1 1 1 1 1 1 1 1 1 1 1 1 1 1 1 1 1 1 1 1 1 1 1 1 2 2 2 3 4 6 9 12 12 14 31 26 24 26 32 34 36 29 19 17
0 0 0 0 0 0 0 0 0 0 0 0 0 0 0 0 0 0 0 0 0 0 0 0 0 0 0 0 0 0 0 0 0 0 0 0 0 0 1 1 1 1 1 1 0 0 1 1 1 1 1 1 1 1 1 1 1 1 1 1 1 1 1 1 1 1 1 1 1 1 1 1 1 1 1 2 3 2 2 3 6 6 6 11 25 35 44 41 35 30 31 33 33 32 25 18
0 0 0 0 0 0 0 0 0 0 0 0 0 0 0 0 0 0 0 0 0 0 0 0 0 0 0 0 0 0 0 0 0 0 0 1 1 1 1 1 1 1 1 1 1 1 1 1 1 1 1 1 1 1 1 1 1 1 1 1 1 1 1 1 1 1 1 1 1 1 2 2 2 1 2 3 3 3 4 6 8 8 7 30 62 43 38 32 49 45 33 37 35 33 31 24
0 0 0 0 0 0 0 0 0 0 0 0 0 0 0 0 0 0 0 0 0 0 0 0 0 0 0 0 0 0 0 0 0 0 1 1 1 1 1 1 1 1 1 1 1 1 1 1 1 1 1 1 1 1 1 1 1 2 1 1 1 1 1 1 1 1 1 1 1 1 2 2 2 2 2 2 4 4 5 7 10 13 34 62 55 41 40 59 69 75 75 87 52 40 30 28
0 0 0 0 0 0 0 0 0 0 0 0 0 0 0 0 0 0 0 0 0 0 0 0 0 0 0 0 0 1 1 1 1 1 1 1 1 1 1 1 1 1 1 1 1 1 1 1 1 1 1 1 1 1 1 1 2 2 2 1 1 1 1 1 1 2 2 2 1 2 3 3 2 2 2 2 2 2 5 31 66 66 72 107 58 48 67 84 91 99 93 82 68 62 51 48
0 0 0 0 0 0 0 0 0 0 0 0 0 0 0 0 0 0 0 0 0 0 0 0 0 0 0 0 0 1 1 1 1 1 1 1 1 1 1 1 1 1 1 1 1 1 1 1 1 1 1 1 1 1 1 1 2 2 2 1 1 1 1 1 1 1 2 2 1 2 3 3 3 3 3 2 3 4 35 95 82 101 125 112 98 76 101 105 104 106 106 90 77 91 73 52
0 0 0 0 0 0 0 0 0 0 0 0 0 0 0 0 0 0 0 0 0 0 0 0 0 0 0 0 0 1 1 1 1 1 1 0 0 1 1 1 1 1 1 1 1 1 1 1 1 1 1 1 1 1 1 1 1 2 2 1 1 1 1 1 1 1 1 1 1 2 3 3 3 3 3 3 5 5 79 103 111 151 128 109 108 101 87 111 110 98 103 113 116 104 113 94
0 0 0 0 0 0 0 0 0 0 0 0 0 0 0 0 0 0 0 0 0 0 0 0 0 0 0 0 1 1 1 1 1 0 0 0 0 0 0 1 1 1 1 1 1 1 1 1 1 1 1 1 1 1 1 1 1 1 1 1 1 1 1 1 1 1 1 1 1 1 2 3 3 3 3 4 30 55 102 173 199 177 130 121 109 124 123 116 163 107 110 128 113 93 88 92
0 0 0 0 0 0 0 0 0 0 0 0 0 0 0 0 0 0 0 0 0 0 0 0 0 0 0 1 1 1 1 1 1 0 0 0 0 0 0 0 1 0 1 1 0 1 1 1 1 1 1 1 1 1 1 1 1 1 1 1 1 1 1 1 1 1 1 1 1 1 2 2 2 2 3 6 48 86 106 167 675 192 130 128 126 129 133 121 141 137 139 137 100 95 89 89
0 0 0 0 0 0 0 0 0 0 0 0 0 0 0 0 0 0 0 0 0 0 0 0 0 0 1 1 1 2 2 1 0 0 0 0 0 0 0 0 0 0 0 0 0 0 0 1 1 1 1 1 1 1 1 1 1 1 1 1 1 1 1 1 1 1 1 1 1 1 2 2 2 3 5 9 62 90 95 146 147 125 124 121 127 134 134 117 143 146 140 116 89 104 97 90
0 0 0 0 0 0 0 0 0 0 0 0 0 1 1 1 0 0 0 1 1 1 1 0 0 1 2 2 2 2 2 1 1 1 1 0 0 0 0 0 0 1 1 0 0 0 0 0 0 0 0 1 1 1 1 1 1 1 1 1 1 1 1 1 1 1 1 1 1 1 2 2 3 9 11 18 72 77 107 118 118 120 128 126 118 114 113 108 127 128 124 93 103 108 65 70
0 0 0 0 0 0 0 0 0 0 0 0 0 1 0 0 1 1 1 1 1 1 1 2 1 1 3 3 10 3 3 1 1 1 0 0 0 0 0 1 1 1 1 1 1 0 0 0 0 0 1 1 1 1 1 1 1 1 1 1 1 1 1 1 1 1 1 1 1 1 2 2 7 12 14 31 49 50 95 106 115 119 143 141 128 118 115 112 118 350 131 108 112 85 58 51
0 0 0 0 0 0 0 0 0 0 0 0 0 0 0 1 1 1 1 2 1 1 1 2 2 1 3 3 29 6 2 2 1 1 1 1 0 0 1 1 1 1 1 0 0 0 0 0 0 0 1 1 1 1 1 1 1 1 1 1 1 1 1 1 1 1 1 1 1 2 2 4 7 24 21 22 37 67 97 115 99 104 116 163 189 139 123 120 123 263 310 97 71 69 59 39
0 0 0 0 0 0 0 0 0 0 0 0 0 0 1 2 1 1 3 5 3 3 3 2 2 2 4 4 6 4 4 3 1 1 1 1 1 0 0 0 0 1 0 0 0 0 0 0 0 0 0 1 0 0 1 1 1 1 1 1 1 1 1 1 1 1 1 1 1 2 2 2 8 12 28 29 30 54 81 106 87 90 131 196 168 163 136 126 118 180 191 83 57 34 30 27
0 0 0 0 0 0 0 0 0 0 0 0 0 0 2 2 2 1 3 5 3 3 3 3 3 1 2 3 4 3 3 3 1 1 1 1 0 0 0 0 0 0 0 0 0 0 0 0 0 0 0 0 0 0 0 0 1 1 1 1 1 1 1 1 1 1 1 1 2 1 1 1 5 9 20 16 12 11 32 65 72 63 102 169 140 126 124 117 90 88 80 70 50 40 27 28
0 0 0 0 0 0 0 0 0 0 1 1 1 1 2 1 1 1 1 2 3 3 3 3 2 1 1 1 1 1 2 3 2 1 1 0 0 0 0 0 0 0 0 0 0 0 0 0 0 0 0 0 0 0 0 0 0 1 1 1 2 1 1 1 1 1 1 2 2 1 1 2 12 12 17 14 11 15 20 33 50 67 122 122 116 193 112 74 76 81 66 63 45 41 28 26
0 0 2 1 2 0 0 0 0 0 1 1 1 1 1 1 1 1 1 1 3 1 1 1 1 1 1 1 1 1 1 1 1 1 1 1 0 0 0 0 0 0 0 0 1 0 0 0 0 0 0 0 0 0 0 0 0 0 1 2 2 2 2 2 1 1 2 2 2 2 1 7 13 16 19 15 12 15 20 34 35 50 73 100 98 76 65 45 47 76 56 44 38 40 31 25
5 3 3 3 2 0 0 0 0 1 1 1 1 1 1 1 1 0 0 1 2 1 1 1 1 1 1 1 1 1 1 1 1 1 1 1 1 0 0 0 1 0 1 1 1 1 0 1 0 0 0 0 0 0 0 0 0 0 0 2 2 2 2 2 1 1 2 2 2 2 4 13 13 12 15 15 13 15 15 23 34 57 68 87 75 38 35 31 36 38 39 36 35 40 34 29
6 4 3 3 4 2 3 2 1 1 0 1 0 1 1 1 1 0 0 1 1 1 0 0 0 0 1 1 1 1 1 1 1 1 1 0 0 0 0 0 1 1 2 2 1 2 1 1 1 1 0 0 0 0 0 0 1 1 1 2 2 2 2 2 1 1 2 2 2 2 6 23 25 11 13 15 13 16 25 26 31 42 60 80 58 37 37 37 38 46 39 38 34 35 38 36
7 6 4 5 7 14 5 4 3 3 1 1 2 1 1 1 1 0 0 0 1 1 1 0 0 0 0 1 1 1 1 1 0 0 0 0 0 1 1 1 1 1 1 1 4 7 8 4 1 1 0 0 0 1 0 0 0 2 2 5 3 2 2 2 2 3 4 4 2 3 7 22 36 20 15 15 16 16 25 26 30 36 47 50 42 38 37 37 38 49 51 71 41 45 43 39
7 6 6 5 8 37 9 5 3 3 2 1 2 2 2 2 2 1 1 1 1 1 2 1 1 1 0 0 1 1 1 2 0 0 0 0 1 1 1 1 1 3 6 15 25 19 17 8 4 1 1 1 1 1 0 0 0 1 1 4 5 4 3 2 2 7 7 7 6 6 7 7 32 22 14 16 17 28 40 43 32 42 55 55 55 61 56 47 48 51 50 137 52 48 37 35
12 12 11 7 6 9 6 4 4 4 3 4 3 2 2 2 4 6 10 5 0 1 2 1 1 1 1 1 1 2 2 1 1 1 1 1 1 1 1 2 14 12 11 14 23 18 19 16 1 1 1 0 1 1 0 0 0 0 1 6 6 7 5 2 3 9 7 7 7 7 7 8 15 15 15 18 25 38 71 51 32 35 48 53 60 62 49 47 45 44 44 49 45 42 33 31
25 32 30 11 13 11 10 9 3 4 4 5 5 4 5 5 20 17 7 5 3 1 1 1 3 2 1 1 2 2 2 2 1 1 1 1 0 1 3 10 25 10 16 18 25 15 3 1 0 0 0 0 0 1 1 0 0 0 1 6 6 7 9 4 6 9 7 7 8 9 9 14 17 17 18 21 27 39 44 30 29 32 33 38 61 55 48 51 55 52 46 40 38 40 39 32
46 41 53 48 29 17 26 16 15 9 6 4 6 9 7 5 52 22 22 18 14 7 2 3 5 8 5 4 5 8 8 6 15 19 9 10 12 13 13 18 21 15 21 16 5 3 1 0 0 0 0 0 0 0 0 0 0 0 0 6 8 8 9 8 8 10 12 8 10 11 10 18 19 18 19 22 26 27 28 29 29 29 43 39 53 53 52 55 56 56 60 100 41 33 35 40
53 53 45 54 59 67 64 32 34 22 13 12 14 14 14 11 17 37 37 35 38 29 22 19 17 11 27 21 22 25 35 23 37 40 13 15 18 11 10 16 32 14 10 6 5 1 0 0 0 0 0 0 0 0 0 0 0 0 0 5 8 8 11 11 15 14 14 13 13 21 47 43 20 19 21 21 27 28 28 29 33 35 34 89 48 55 56 56 57 60 131 98 27 32 34 56
52 70 55 48 51 54 62 64 69 47 28 33 31 30 28 30 29 27 37 31 41 52 41 24 17 19 31 35 34 32 35 20 28 35 51 21 10 5 2 13 14 5 8 5 2 0 0 0 0 0 0 0 0 0 0 0 0 0 1 9 8 9 14 15 21 20 14 14 14 12 34 43 19 19 21 25 30 28 30 38 40 40 38 35 38 61 61 69 70 62 128 57 29 34 34 33
48 70 67 56 56 88 55 77 79 52 47 43 36 38 47 38 33 28 27 33 32 48 40 37 21 23 31 33 27 31 60 9 22 17 27 27 9 5 2 14 4 5 5 2 1 0 0 0 0 0 0 0 0 1 0 0 0 0 4 11 9 9 18 21 21 21 17 19 14 11 12 24 18 19 20 28 35 29 35 40 40 40 44 39 40 60 50 64 76 33 32 36 29 37 36 27
51 49 61 72 61 76 75 73 60 44 53 47 38 34 45 37 36 28 29 48 45 46 40 23 10 6 8 9 9 18 6 4 4 4 6 12 17 4 4 12 10 5 4 3 1 0 0 0 0 0 0 0 1 2 0 0 0 0 8 11 9 9 14 17 50 31 25 23 14 13 13 19 17 18 20 21 25 25 39 42 41 40 48 43 35 37 37 34 26 28 30 24 19 25 24 23
50 49 56 61 171 78 68 70 63 47 41 41 38 37 54 41 49 31 44 37 48 53 40 36 14 4 3 4 2 3 5 26 6 5 4 2 4 3 4 5 11 6 2 1 0 0 0 0 0 0 0 0 2 2 1 1 3 10 19 18 12 11 11 10 50 53 28 32 19 17 20 20 16 18 21 22 22 22 33 42 37 42 48 42 37 42 40 33 24 25 20 19 17 21 22 20
43 42 49 53 53 55 59 46 61 48 54 47 47 40 33 48 42 34 39 43 31 45 46 20 5 3 3 4 3 3 4 13 5 3 3 2 2 2 2 2 3 2 1 0 1 1 1 1 1 1 2 3 2 2 1 1 11 19 19 30 30 18 12 11 26 36 35 32 21 24 26 21 19 20 33 47 41 23 21 42 37 34 42 41 42 39 39 25 16 19 19 18 12 18 19 12
46 52 43 55 41 51 73 40 42 28 39 61 51 31 18 43 47 31 26 32 39 46 42 42 35 20 18 21 13 16 18 19 12 6 9 5 3 2 1 2 4 3 2 0 1 1 1 1 2 2 3 3 2 1 1 9 12 19 19 31 31 28 14 16 25 26 35 21 19 20 21 21 23 49 130 202 62 35 46 49 34 32 35 41 37 33 24 22 15 15 14 10 9 14 14 14
44 33 35 58 42 40 46 29 32 24 27 23 36 20 16 59 59 28 26 45 44 59 42 55 55 52 44 35 18 23 31 50 31 41 30 18 10 2 4 37 17 1 1 1 1 1 1 1 2 2 2 2 2 1 3 11 13 22 19 27 30 23 17 22 24 23 27 19 20 20 16 15 21 38 80 65 38 28 43 32 25 31 38 41 24 22 16 14 13 10 10 9 12 14 16 20
22 31 33 37 31 29 22 12 14 19 19 17 23 17 15 57 48 31 35 43 31 43 45 47 38 51 52 44 18 19 34 37 41 28 42 28 10 2 7 36 19 1 1 1 1 1 1 2 2 2 2 2 2 1 8 12 17 23 19 18 27 22 18 23 23 21 16 16 18 15 8 11 21 38 40 39 35 23 32 35 23 27 18 18 16 19 15 9 9 10 13 16 20 23 24 25
16 16 19 16 19 21 19 22 19 15 28 22 19 16 17 50 57 44 59 45 40 32 57 49 37 32 51 64 26 32 34 28 25 20 11 9 3 1 7 16 2 2 1 2 1 1 2 2 4 3 2 1 2 2 5 16 18 21 20 18 25 18 21 24 22 22 16 15 13 9 9 8 15 50 64 47 26 22 31 30 18 19 14 15 13 12 10 8 8 11 17 18 20 23 25 29
22 15 9 10 15 19 18 12 20 21 24 22 15 19 28 44 52 68 56 42 46 39 53 52 45 47 45 65 51 40 24 14 12 5 2 2 2 1 2 2 2 3 2 2 2 2 2 4 3 3 1 2 2 2 4 18 14 11 11 12 15 18 18 21 21 21 14 12 13 11 12 12 13 19 51 44 26 22 20 16 16 16 17 17 16 11 10 10 9 15 17 19 20 19 33 32
14 13 9 9 11 19 16 30 33 74 95 45 19 26 46 41 59 53 43 37 59 53 49 47 60 198 92 67 65 37 23 11 9 3 1 2 1 1 1 1 1 1 1 1 2 2 3 4 3 3 1 1 1 1 8 4 1 1 2 12 13 17 16 16 20 15 9 10 11 11 12 12 14 18 23 24 24 24 22 18 17 19 18 17 17 17 14 14 15 17 18 22 26 25 35 34
5 7 10 11 17 36 30 30 35 36 37 75 86 60 30 38 53 50 41 38 39 38 41 48 64 275 106 67 62 32 19 7 4 2 7 3 1 1 1 1 1 1 1 1 2 3 4 3 2 2 0 1 1 2 3 2 2 2 3 9 12 12 12 14 18 11 8 8 10 13 13 13 13 17 20 24 30 27 24 23 23 20 20 20 17 16 14 14 18 24 27 27 26 30 35 35
