data/raw/gdp/gdp25_15mi.txt
ncols         1440
nrows         572
xllcorner     -180
yllcorner     -58.000000000011
cellsize      0.250002
NODATA_value  -9999
[rows 164 to 245 of 572, columns 960 to 1055 of 1440]
0 0 0 0 0 0 0 0 0 0 0 0 0 0 0 0 0 0 0 0 0 0 0 0 1 1 1 1 1 1 1 1 1 1 0 0 0 0 0 0 0 0 0 0 0 0 1 2 2 1 1 1 1 1 1 1 1 1 1 2 2 1 1 1 0 1 3 3 17 2 2 1 1 2 1 1 1 1 1 2 2 2 9 8 13 103 14 12 7 3 3 3 3 3 2 3
0 0 0 0 0 0 0 0 0 0 0 0 0 0 0 0 0 0 0 0 0 0 0 1 1 1 1 1 1 1 1 1 1 6 18 2 0 0 14 2 0 0 0 0 0 0 2 3 2 1 2 2 2 1 8 6 1 1 1 2 2 1 1 1 1 2 3 3 3 6 7 4 2 2 2 2 1 1 1 1 1 1 3 7 7 7 8 10 10 4 4 4 5 6 5 4
1 1 0 0 0 0 0 0 0 0 0 0 0 0 0 0 0 0 0 0 0 0 0 1 1 1 1 1 1 1 1 1 14 13 7 1 1 1 0 0 0 1 0 2 2 2 2 2 2 1 1 1 2 2 1 1 1 2 2 2 2 2 1 1 1 4 9 167 35 8 7 4 2 2 2 2 1 1 1 1 1 1 2 6 5 4 4 5 5 6 7 7 7 7 7 7
1 0 0 0 1 1 1 1 0 0 0 0 0 0 0 0 0 0 0 0 0 0 0 1 1 1 1 1 1 1 1 1 1 1 1 1 1 1 1 1 1 13 1 2 3 2 2 2 1 1 1 1 1 2 2 1 2 3 3 2 2 2 1 1 1 4 13 141 30 3 4 4 2 1 1 1 1 1 1 1 1 1 2 2 3 3 3 3 3 3 6 6 7 5 4 4
1 1 1 1 1 1 2 3 1 0 0 0 0 0 0 0 0 0 0 0 0 0 0 0 0 1 1 1 1 0 0 0 1 0 0 1 1 1 1 1 2 2 2 2 3 93 2 1 1 1 1 1 2 2 1 6 2 3 53 4 3 14 2 1 1 2 5 2 1 1 1 1 1 1 1 1 1 1 1 1 1 2 2 3 3 3 3 3 3 3 4 2 1 1 1 1
1 1 1 1 1 1 3 3 0 0 0 0 0 0 0 0 0 0 0 0 0 0 0 0 0 1 1 0 0 0 0 0 0 0 1 1 2 3 12 7 6 5 2 2 1 1 1 1 2 2 1 1 2 1 1 1 3 3 4 3 2 1 1 1 1 1 1 1 2 0 0 0 1 2 1 0 1 1 1 1 1 3 3 3 3 3 3 3 3 3 3 2 2 1 1 1
2 1 1 1 1 1 3 2 0 0 0 0 0 0 0 0 0 0 0 0 0 0 0 0 0 1 0 0 0 0 1 1 1 2 2 11 2 41 91 18 7 5 5 2 1 1 1 1 1 0 0 0 0 1 1 1 1 1 2 1 1 1 1 0 4 0 0 0 0 0 0 0 0 4 0 0 0 0 0 1 1 2 3 2 2 2 2 3 2 2 2 2 4 5 5 4
20 2 1 1 1 2 3 2 0 0 0 0 0 0 7 0 0 0 0 0 0 0 0 0 0 0 0 1 1 2 2 1 1 2 2 2 3 6 8 10 4 4 4 4 2 0 0 0 1 0 0 0 0 0 0 0 0 0 0 0 0 0 0 0 0 0 0 0 0 0 0 0 0 0 0 0 0 0 0 0 1 3 3 2 2 2 2 2 2 2 2 3 5 5 5 4
14 23 3 2 3 2 2 0 0 0 0 0 0 0 0 0 0 0 0 0 0 0 0 0 0 0 1 1 1 1 1 1 2 2 2 3 4 3 3 3 3 4 2 1 0 0 0 1 1 0 0 0 0 0 0 0 0 0 0 0 0 0 0 0 0 0 0 0 0 0 0 0 0 0 0 0 0 1 1 2 3 3 3 2 2 2 2 2 2 2 2 4 5 5 5 4
13 32 67 18 10 2 2 2 0 0 0 0 0 0 0 0 12 0 4 0 0 0 0 0 0 0 1 1 1 1 1 1 3 4 4 4 4 7 26 4 4 1 0 0 0 1 2 1 1 1 2 0 1 0 0 0 0 0 0 0 0 0 0 0 0 0 0 0 0 0 0 0 0 0 0 2 3 4 3 3 3 3 3 3 2 2 3 3 4 5 5 5 5 5 5 4
9 36 27 36 8 3 4 2 2 1 1 0 0 0 0 0 0 0 0 0 0 0 0 0 0 0 0 1 1 1 1 1 2 4 4 4 264 337 54 9 5 4 5 1 1 1 20 12 4 3 1 2 2 2 1 0 0 0 0 0 0 0 0 2 2 0 0 0 0 0 0 0 0 1 3 4 4 4 3 3 3 3 3 3 3 3 5 5 5 5 3 2 4 5 5 5
1 1 2 1 2 5 1 4 3 2 1 1 0 0 0 1 1 1 1 1 0 0 0 0 0 0 1 1 1 1 1 1 3 6 6 33 127 63 17 7 29 4 7 6 19 17 88 48 27 9 2 2 4 2 2 1 0 0 0 0 0 0 0 0 0 0 0 0 0 0 0 0 0 1 1 4 4 4 4 3 4 4 3 3 3 4 5 4 3 1 1 1 1 3 3 5
1 0 0 0 0 0 0 0 8 6 3 1 1 1 1 2 2 2 4 2 1 1 1 1 1 1 1 1 1 1 1 2 15 18 32 31 27 19 50 5 19 2 4 7 16 29 74 49 69 137 30 18 12 2 2 2 1 0 0 0 0 0 0 0 0 0 0 1 1 1 1 1 1 1 1 1 2 3 4 4 4 4 4 4 4 4 3 2 1 1 1 1 1 1 1 3
1 0 0 0 0 0 0 0 4 4 3 2 1 1 1 4 5 4 6 6 5 3 1 1 1 1 2 1 1 1 2 11 16 17 18 30 22 6 7 6 2 2 15 86 57 29 33 54 85 64 42 28 3 2 1 1 1 0 0 0 0 0 0 0 0 0 1 2 2 1 1 1 1 1 1 1 1 1 1 4 3 3 4 4 4 4 4 2 1 1 1 1 1 1 1 1
1 0 0 0 0 0 0 0 0 2 3 3 2 2 2 1 4 5 6 5 7 2 1 7 6 5 6 4 1 2 5 14 14 11 11 32 21 5 28 6 4 18 29 31 37 29 80 95 16 11 3 3 3 1 0 0 0 0 1 0 0 0 0 0 1 2 2 2 2 2 2 1 1 1 1 1 1 1 1 3 3 3 3 2 4 4 4 4 1 1 1 1 1 1 1 1
1 1 0 0 0 0 1 1 1 1 2 2 2 3 3 3 2 6 19 7 12 46 16 15 15 18 13 10 6 8 12 45 7 6 7 15 21 24 11 2 3 6 13 5 4 1 5 4 1 2 2 2 3 1 0 0 0 0 0 0 0 0 0 1 2 2 2 2 2 2 2 2 2 1 2 3 3 3 2 2 3 3 3 2 4 4 4 4 1 1 1 1 1 1 1 1
1 1 1 1 1 1 1 1 1 1 2 2 2 3 3 3 3 53 19 7 9 6 9 26 21 33 34 33 22 15 7 9 6 6 6 7 7 3 3 1 1 0 2 0 2 1 1 1 1 1 1 1 2 0 0 0 0 0 0 0 0 0 0 2 2 2 2 3 4 6 6 7 3 3 3 3 3 3 3 3 3 3 3 3 4 4 4 4 1 1 1 1 1 1 1 1
1 1 1 1 1 1 1 1 1 1 1 1 2 2 2 3 3 29 21 4 7 2 2 3 4 5 27 135 60 19 5 4 5 5 4 4 3 1 1 1 1 1 1 0 0 1 0 0 0 0 0 0 0 0 0 0 0 0 0 0 0 6 12 18 23 7 6 8 8 8 8 6 3 3 3 3 3 3 3 3 3 3 3 3 4 4 4 4 1 1 1 1 1 1 1 0
0 0 1 1 2 1 1 1 1 1 1 1 1 2 2 3 3 3 4 3 7 2 4 5 6 7 7 29 32 20 5 2 2 1 1 1 1 1 1 1 1 1 1 1 1 1 1 0 0 0 0 0 0 0 1 1 1 0 0 0 0 13 18 44 42 19 8 8 8 7 4 3 3 3 3 3 3 3 3 3 3 3 3 3 3 3 1 1 1 1 0 0 0 0 0 0
1 0 1 1 2 2 1 1 1 1 1 1 1 1 38 2 3 3 3 2 2 7 19 9 10 10 11 39 10 11 7 2 1 1 2 2 1 2 2 1 1 1 1 1 1 1 1 1 1 0 0 0 0 0 0 1 1 1 1 1 0 8 12 5 13 21 12 9 8 6 3 4 3 3 3 3 3 3 3 3 3 3 3 3 3 3 1 1 1 1 0 0 0 0 0 0
1 1 1 1 2 2 1 1 1 1 1 1 1 1 4 1 1 2 2 3 3 14 28 59 8 8 16 18 14 12 6 6 6 6 6 34 3 2 2 1 1 1 1 1 1 1 1 0 0 0 0 0 0 0 0 1 1 1 1 1 1 1 1 6 11 12 15 14 9 12 4 4 4 4 4 3 3 2 3 3 3 3 3 3 3 2 1 1 1 1 0 0 0 0 0 0
1 1 1 1 2 2 1 1 1 1 1 1 1 1 1 1 1 1 1 1 3 4 5 13 6 6 5 7 5 6 6 6 10 8 11 33 7 3 5 1 1 1 0 0 0 1 0 0 0 0 0 0 0 0 0 1 1 1 1 1 1 1 1 1 4 10 12 13 13 13 6 4 4 4 3 3 1 1 2 3 3 3 3 3 3 1 1 1 1 1 0 0 0 0 0 0
1 1 1 1 1 2 1 1 1 1 1 1 1 1 1 1 1 1 1 1 1 3 4 6 5 4 3 3 3 4 22 33 6 7 6 6 5 6 2 1 1 1 1 3 2 1 0 0 0 0 0 0 0 0 0 0 0 0 0 1 1 1 1 1 1 1 9 13 13 15 5 3 3 2 1 1 1 1 2 3 3 3 3 3 2 1 1 1 1 1 0 0 0 0 0 0
1 0 0 1 1 1 2 1 1 1 1 1 1 1 1 1 1 1 1 1 1 1 2 3 2 3 3 3 3 3 16 22 6 6 5 7 4 2 3 5 1 1 3 3 3 1 0 0 0 0 0 0 0 0 0 0 0 0 0 0 0 1 1 1 1 1 10 14 24 20 2 2 2 1 1 1 1 1 3 3 3 3 3 3 1 1 1 1 1 1 0 0 0 0 0 0
1 1 0 0 1 1 1 1 2 1 1 1 1 1 1 1 1 1 2 1 1 2 2 2 1 1 3 5 4 6 9 17 4 4 8 18 7 4 8 13 2 3 3 3 3 2 1 0 0 0 0 0 0 0 0 0 0 0 0 0 0 0 1 1 1 5 13 13 4 2 2 2 1 1 1 1 1 1 3 3 3 3 3 2 1 1 1 1 1 1 0 0 0 0 0 0
0 1 0 1 1 1 1 24 10 2 1 1 1 1 1 1 1 1 1 1 1 1 1 2 1 1 5 6 14 17 9 6 3 3 7 8 6 5 7 7 4 3 3 3 3 3 1 0 0 0 0 0 0 0 0 0 0 0 0 0 0 0 0 0 0 8 9 4 2 2 2 1 1 1 1 1 1 2 3 3 3 3 3 2 1 1 1 1 1 1 0 0 0 0 0 0
0 5 5 1 1 1 2 2 2 1 1 1 1 1 1 1 1 1 1 1 1 1 5 9 7 5 11 16 19 16 11 5 3 3 6 10 6 7 10 10 5 3 3 3 3 3 3 0 0 0 0 0 2 3 2 0 1 2 2 1 0 0 0 0 0 2 2 2 2 2 2 1 1 1 1 1 1 2 3 3 3 3 3 1 1 1 1 1 1 1 0 0 0 0 0 0
1 0 0 0 1 1 2 2 1 1 1 1 1 1 1 1 1 1 1 3 4 6 10 10 10 11 14 14 13 32 5 3 3 12 20 24 14 9 10 10 4 3 3 3 3 3 0 0 0 0 1 3 3 3 3 3 3 3 1 0 0 0 0 0 0 2 2 2 2 2 1 1 1 1 1 1 1 3 5 46 3 3 2 1 1 1 1 1 1 1 0 0 0 0 0 0
3 1 1 1 1 2 2 2 1 1 1 1 1 1 1 1 1 1 1 4 5 6 10 10 10 10 13 14 12 8 5 4 15 24 24 23 14 10 10 9 4 3 3 3 3 3 1 1 2 3 3 3 2 2 2 2 2 1 1 1 1 1 0 0 1 2 2 2 2 2 1 1 1 1 1 1 2 3 3 3 3 3 1 1 1 1 1 1 1 1 0 0 0 0 0 0
5 3 3 3 3 1 2 1 1 1 1 1 1 1 2 2 1 1 3 5 5 6 10 10 10 10 13 14 14 10 5 5 5 16 23 24 22 10 10 10 6 3 3 3 3 3 3 3 2 1 1 1 1 1 1 1 1 1 1 1 1 1 1 1 0 1 2 2 2 2 1 1 1 1 1 1 2 3 3 3 3 3 1 1 1 1 1 1 1 1 1 0 0 0 0 0
5 5 5 5 4 1 2 1 1 1 1 1 1 1 1 1 1 2 4 5 5 6 10 10 10 10 13 14 14 7 5 5 5 7 10 15 17 10 10 10 8 5 3 3 3 3 2 1 1 1 1 1 1 1 1 1 1 1 1 1 1 1 1 1 0 0 0 1 2 2 2 1 1 1 1 2 3 3 3 3 3 2 1 1 1 1 1 1 1 1 0 0 0 0 0 0
5 5 5 5 4 1 1 1 1 1 1 1 1 1 1 2 3 4 5 5 5 5 9 10 10 10 13 14 13 5 5 5 5 8 9 9 9 9 10 10 10 8 3 3 3 2 1 1 1 1 1 1 1 1 1 1 1 1 1 1 1 1 1 1 0 0 0 0 2 2 2 1 1 1 1 3 3 3 3 3 3 1 1 1 1 1 1 1 1 1 1 0 0 0 0 0
5 5 5 5 5 1 1 1 1 1 1 1 1 1 2 3 5 5 5 5 5 5 5 10 10 10 12 14 11 5 5 5 5 9 9 9 9 9 10 10 11 6 3 3 6 5 1 1 1 1 4 4 2 1 1 1 1 1 1 1 1 1 1 1 1 0 0 0 2 2 2 2 1 1 1 1 1 1 2 3 2 1 1 1 1 1 1 1 1 1 1 0 0 0 0 0
5 5 5 5 5 3 1 1 1 1 1 1 1 2 2 3 5 5 5 5 5 5 9 10 10 10 10 13 9 5 5 5 6 9 9 9 9 9 9 12 13 11 4 4 7 7 3 1 3 12 13 9 5 3 2 1 1 1 1 1 1 1 1 1 1 1 1 0 1 2 2 1 1 1 1 1 1 1 1 2 2 1 1 1 1 1 1 1 1 0 0 0 0 0 0 0
5 5 5 5 5 6 5 5 3 1 1 1 2 2 2 2 3 3 5 5 5 6 10 9 10 10 10 7 4 4 4 5 9 9 9 10 16 15 12 13 13 13 7 7 7 7 4 2 11 13 13 10 6 6 6 1 1 1 1 1 1 1 1 1 1 1 1 1 1 0 1 1 1 1 1 1 1 1 1 1 1 0 0 0 0 0 1 1 0 0 0 0 0 0 0 0
5 5 5 5 6 6 6 6 4 2 2 2 2 2 2 2 2 2 3 4 4 3 3 3 9 10 5 4 4 4 4 4 8 14 16 25 26 15 13 13 13 13 10 7 7 7 10 11 12 13 13 9 6 6 8 11 9 8 8 2 1 1 1 1 1 1 1 1 0 1 1 1 1 1 1 1 1 1 1 1 1 0 0 0 0 0 0 0 0 0 0 0 0 0 0 0
5 5 5 5 6 6 6 6 6 3 2 2 2 2 2 2 2 2 2 3 3 3 3 3 5 5 4 4 4 4 4 4 7 26 26 43 68 29 14 36 13 13 11 7 8 18 17 13 12 13 13 14 15 15 17 17 16 15 10 3 1 2 2 2 2 1 1 1 1 1 1 0 1 1 1 1 1 1 1 1 1 0 0 0 0 0 0 0 0 0 0 0 0 0 0 0
5 5 5 5 6 6 6 6 6 6 4 4 4 4 3 3 4 3 3 3 3 3 3 3 3 3 3 4 4 4 6 7 12 19 16 92 120 104 104 61 13 19 25 12 8 12 17 20 22 13 13 19 18 18 17 16 13 8 2 1 1 3 3 3 3 2 1 1 1 1 1 1 1 1 1 1 1 1 1 1 0 0 0 0 0 0 0 0 0 0 0 0 0 0 0 0
5 5 5 6 6 6 6 6 6 6 6 6 6 6 6 6 6 5 3 3 3 3 3 3 3 3 4 4 4 4 7 11 11 11 11 41 79 112 88 33 26 28 28 28 16 8 28 43 48 32 15 19 18 18 15 5 8 10 7 3 3 3 3 3 3 3 2 1 1 1 1 1 1 1 1 1 1 1 0 0 0 0 0 0 0 0 0 0 0 0 0 0 0 0 0 0
5 5 6 6 6 6 6 6 6 6 6 6 6 5 5 4 4 3 3 3 3 3 4 4 4 4 4 4 4 4 4 8 8 10 11 13 14 21 14 21 27 28 28 28 18 24 45 45 47 44 31 20 20 20 14 8 4 11 20 76 37 3 3 3 3 3 2 1 1 1 1 1 1 1 1 1 1 1 0 0 0 0 0 0 0 0 0 0 0 0 0 0 0 0 0 0
5 5 6 6 6 6 6 6 6 6 6 6 5 2 3 3 3 3 3 3 3 4 4 4 4 4 4 4 4 4 5 6 6 8 11 14 13 10 8 9 10 13 14 13 14 20 44 43 41 12 12 18 20 30 25 16 6 13 27 38 19 5 2 2 2 3 2 1 1 1 1 1 1 1 1 1 0 0 0 0 0 0 0 0 0 0 0 0 0 0 0 0 0 0 0 0
5 5 6 6 6 6 6 6 6 6 5 3 1 2 3 3 3 3 3 3 4 4 4 4 4 4 4 4 4 4 6 6 6 6 6 10 9 8 8 8 9 9 12 16 13 13 17 16 10 10 10 22 28 22 29 14 3 3 12 20 12 11 3 2 2 1 1 1 1 1 1 1 1 1 1 1 0 0 0 0 0 0 0 0 0 0 0 0 0 0 0 0 0 0 0 0
5 5 5 2 2 2 2 2 2 2 1 1 1 2 2 3 3 3 3 3 3 4 4 4 4 4 4 4 5 6 6 6 6 6 6 7 8 8 8 8 8 8 9 9 9 9 9 10 10 10 13 47 46 39 29 16 7 2 2 7 10 11 3 2 2 2 1 1 1 1 1 1 1 1 1 1 0 0 0 0 0 0 0 0 0 0 0 0 0 0 0 0 0 0 0 0
5 5 3 1 1 1 1 1 1 1 1 1 1 1 1 1 1 1 2 3 3 4 4 4 4 4 4 5 6 6 6 6 6 6 6 7 8 8 8 7 6 6 7 9 9 9 10 10 10 10 13 15 32 33 16 16 11 1 2 6 11 12 14 7 3 1 1 0 1 1 1 1 1 1 1 1 1 0 0 0 0 0 0 0 0 0 0 0 0 0 0 0 0 0 0 0
5 5 4 1 1 1 1 1 1 1 1 1 1 1 1 1 1 2 3 3 3 4 4 4 4 4 4 4 5 6 6 6 6 6 6 7 8 8 6 6 6 8 13 12 10 10 10 10 10 11 13 14 14 14 15 24 25 8 8 13 16 8 11 12 5 2 1 0 0 1 0 1 1 1 1 1 1 1 0 0 0 0 0 0 0 0 0 0 0 0 0 0 0 0 0 0
5 5 5 1 1 1 1 1 1 1 1 1 1 1 1 1 1 3 3 3 3 4 4 4 4 3 3 3 3 4 6 6 6 6 6 7 8 7 4 4 4 6 13 13 12 9 10 11 16 17 16 15 15 20 29 32 32 37 37 10 12 19 16 9 9 4 1 0 0 0 0 0 0 0 0 1 1 1 0 0 0 0 0 0 0 0 0 0 0 0 0 0 0 0 0 0
5 5 5 3 1 1 1 1 1 1 1 1 1 1 1 2 2 3 3 3 3 3 4 4 4 3 3 3 3 3 4 5 6 6 7 8 8 5 4 4 4 5 10 11 9 9 10 16 17 17 17 17 22 32 32 33 34 39 50 46 46 38 30 24 10 6 1 4 3 1 0 0 0 0 0 0 0 0 0 0 0 0 0 0 0 0 0 0 0 0 0 0 0 0 0 0
5 5 5 3 1 1 1 1 1 1 1 1 1 1 2 3 3 3 3 3 3 4 4 4 4 3 3 3 3 3 3 4 5 6 6 7 8 5 4 4 5 6 6 6 8 10 11 17 17 17 17 17 17 31 35 35 35 35 49 48 45 34 31 18 17 16 11 6 4 4 2 0 0 0 0 0 0 0 0 0 0 0 0 0 0 0 0 0 0 0 0 0 0 0 0 0
5 5 5 2 1 1 1 1 1 1 1 1 1 1 3 3 3 3 3 3 4 4 4 4 3 3 3 3 3 3 3 3 3 6 5 6 6 2 1 3 5 6 6 6 9 10 13 17 17 17 17 18 19 35 35 36 35 35 34 28 38 31 29 23 14 20 18 13 8 4 3 1 0 0 0 0 0 0 0 0 0 0 0 0 0 0 0 0 0 0 0 0 0 0 0 0
5 5 5 2 1 1 1 1 1 1 1 1 1 1 3 3 3 3 3 3 4 4 4 4 4 3 4 4 4 3 3 2 1 1 2 4 2 1 1 2 4 6 6 8 10 10 10 14 19 19 19 21 37 43 37 37 37 62 71 52 51 33 36 24 16 18 21 27 9 4 3 2 2 1 0 0 0 0 0 0 0 0 0 0 0 0 0 0 0 0 0 0 0 0 0 0
5 5 5 5 3 1 1 1 1 1 1 1 1 2 3 3 3 3 3 3 4 4 4 4 4 4 4 4 4 3 2 1 1 1 1 1 1 1 1 1 3 5 6 11 12 11 11 15 19 19 28 41 44 44 40 37 100 187 76 23 24 32 69 36 27 21 18 14 6 8 6 4 2 1 0 0 1 0 0 0 0 0 0 0 0 0 0 0 0 0 0 0 0 0 0 0
5 5 5 5 2 2 2 1 1 1 1 1 1 3 3 3 3 3 3 3 4 4 4 4 4 4 4 3 3 3 3 1 1 1 1 1 1 1 1 2 2 6 6 12 13 13 13 19 19 34 44 44 44 40 34 36 50 78 24 18 19 22 38 34 23 26 20 12 18 11 8 5 2 2 1 1 1 0 0 0 0 0 0 0 0 0 0 0 0 0 0 0 0 0 0 0
5 5 5 5 2 2 2 1 1 1 1 1 1 3 3 3 3 3 3 3 4 4 4 4 4 4 3 3 3 3 2 1 1 1 1 1 1 1 1 2 2 6 6 12 13 13 15 21 29 44 44 40 35 30 30 34 36 29 21 20 20 21 31 78 41 26 31 34 14 7 6 6 3 4 1 2 1 0 0 0 0 0 0 0 0 0 0 0 0 0 0 0 0 0 0 0
2 2 4 5 2 2 1 1 1 1 1 1 2 3 3 3 3 3 3 4 4 4 4 4 4 3 3 3 3 3 2 1 1 1 1 1 1 1 2 2 5 6 6 12 13 13 22 28 31 34 33 30 30 30 30 30 26 19 20 21 23 22 28 50 34 23 37 65 19 8 10 8 8 9 6 7 5 3 1 1 1 0 0 0 0 0 0 0 0 0 0 0 0 0 0 0
2 2 2 3 2 1 1 1 1 1 1 1 3 3 3 3 3 3 3 4 4 4 4 4 4 3 4 7 8 2 1 1 2 2 2 2 2 2 2 2 6 6 6 12 13 23 28 28 28 28 28 30 30 28 22 20 16 18 19 22 20 22 24 24 27 30 32 36 27 34 20 30 27 11 9 11 10 6 4 1 2 1 1 1 0 0 0 0 0 0 0 0 0 0 0 0
2 2 2 2 1 1 1 1 1 1 1 1 3 3 3 3 3 3 3 4 4 4 4 4 4 9 9 9 4 1 1 1 1 2 2 2 2 2 2 2 6 6 6 11 15 28 28 27 26 26 26 25 19 14 14 15 15 17 20 25 21 17 20 20 23 25 31 28 30 41 45 36 35 12 11 13 9 7 7 11 6 1 2 2 1 0 0 0 0 0 0 0 0 0 0 0
2 2 2 2 1 1 1 1 1 0 1 1 2 3 3 3 3 3 3 4 4 4 4 4 3 6 3 1 2 2 1 1 1 1 1 1 1 1 2 4 6 6 6 12 18 28 28 28 27 18 18 14 13 13 14 15 9 20 18 15 17 16 16 20 21 22 25 26 28 41 61 44 34 13 8 8 8 10 10 10 8 3 2 2 2 1 1 0 0 0 0 0 0 0 0 0
2 2 2 2 1 0 0 1 1 1 1 1 1 3 3 3 3 2 2 3 3 2 1 0 0 1 1 1 1 2 1 1 1 1 1 1 1 1 4 6 6 6 8 13 23 28 28 26 20 6 5 11 13 11 11 8 10 21 16 16 16 18 19 19 19 25 26 26 35 46 48 48 35 31 12 7 8 14 11 9 15 8 4 2 2 1 1 0 0 0 0 0 0 0 0 0
2 2 2 2 2 1 0 0 0 0 0 0 0 0 0 1 1 0 0 0 0 0 0 0 1 1 1 1 1 2 2 1 1 1 1 1 1 1 3 6 6 6 11 12 10 12 9 5 5 5 5 11 12 10 9 4 6 16 14 11 16 19 20 20 19 24 28 36 40 48 48 39 35 31 28 19 9 10 12 9 8 5 3 3 3 2 2 1 1 1 0 0 0 0 0 0
2 2 2 2 2 2 0 0 0 0 0 0 0 0 0 0 0 0 0 0 0 0 0 0 1 1 1 1 1 2 2 2 2 1 1 1 1 1 2 6 6 6 13 11 5 5 5 5 5 9 13 13 7 8 8 4 4 3 4 4 7 13 21 18 18 24 24 32 44 54 67 47 55 43 37 44 33 16 14 10 6 3 3 3 4 4 3 2 1 1 0 0 0 0 0 0
2 2 2 2 2 2 1 0 0 0 0 0 0 0 0 0 0 0 0 0 0 0 0 0 1 1 1 1 1 2 2 2 2 4 1 1 1 1 5 6 7 11 13 12 5 5 5 5 5 5 9 8 7 2 2 2 3 4 4 5 6 8 12 9 25 28 29 59 177 78 88 58 40 41 53 70 52 25 36 15 7 5 4 4 4 4 5 3 2 2 2 1 0 0 0 0
2 2 2 2 2 2 2 1 0 0 0 0 0 0 0 0 0 0 0 0 0 0 0 0 1 1 1 1 1 2 2 2 5 7 3 1 1 3 6 9 13 13 13 12 5 5 5 5 5 5 5 5 4 2 2 2 3 4 4 6 6 9 9 13 22 19 18 171 416 177 49 66 51 27 46 54 44 43 33 31 14 10 7 5 4 4 3 3 3 2 2 2 2 2 1 2
2 2 2 2 2 2 2 2 2 2 0 0 0 0 0 0 0 0 0 0 0 0 0 1 1 1 1 1 1 2 2 5 9 12 14 13 14 14 10 12 13 13 13 11 5 5 5 5 4 4 5 5 4 3 3 2 3 4 5 10 11 13 19 18 27 27 24 32 108 97 43 48 41 33 41 44 42 75 46 29 18 17 11 9 12 5 5 3 3 3 3 4 5 3 4 6
2 2 2 2 2 2 2 2 2 2 2 0 0 0 0 0 0 0 0 0 0 0 0 1 1 1 1 1 1 2 5 9 14 17 19 17 12 10 7 10 13 12 13 10 5 5 5 4 1 1 2 4 4 5 4 3 3 5 9 12 15 16 20 22 32 29 25 20 25 29 36 39 50 39 33 33 36 33 31 27 21 21 21 14 17 18 7 5 4 4 4 5 7 7 8 8
2 2 2 2 2 2 2 2 2 2 2 1 0 0 0 0 0 0 0 0 0 0 0 0 1 1 1 1 1 5 12 15 16 22 22 10 7 7 7 7 8 1 4 10 4 3 3 2 1 1 1 1 3 4 4 3 3 6 8 13 15 21 15 22 30 22 19 19 23 25 32 43 63 37 33 35 32 25 32 39 24 23 43 41 28 24 23 15 13 5 4 5 6 7 7 7
2 2 2 2 2 2 2 2 2 2 2 1 0 0 0 0 0 0 0 0 0 0 0 1 1 1 1 1 2 14 15 15 15 10 7 7 7 7 7 7 2 0 0 2 0 1 1 1 1 1 2 1 3 4 4 6 7 9 9 16 19 17 15 19 24 16 23 17 23 27 34 39 42 31 35 34 34 30 31 32 28 28 42 47 21 27 27 26 20 17 26 8 8 14 10 7
2 2 2 2 2 2 2 2 2 2 2 1 0 0 0 0 0 0 0 0 0 0 0 1 1 1 1 1 3 9 12 13 13 5 5 7 7 7 7 3 0 0 0 0 0 1 1 2 3 3 3 3 4 4 6 6 6 10 11 13 14 14 17 18 15 15 21 23 22 26 41 42 31 45 30 27 35 40 41 29 34 33 30 28 34 32 29 29 25 41 27 27 41 26 34 20
2 2 2 2 2 2 2 2 2 2 2 2 2 1 1 1 1 1 1 1 0 0 1 1 1 1 1 1 3 5 5 10 20 10 5 5 5 6 2 0 0 0 0 0 0 0 1 1 3 3 3 3 5 6 6 6 6 9 11 11 12 12 29 20 12 16 18 23 21 28 33 91 66 61 34 23 37 39 38 32 30 34 34 33 42 28 34 34 32 39 35 32 34 33 53 35
2 2 2 2 2 2 2 2 2 2 2 2 2 1 1 1 1 1 1 1 1 1 1 1 1 1 1 1 2 5 5 17 20 6 5 5 5 5 0 0 0 0 0 0 0 0 1 1 3 4 4 5 5 6 7 7 7 9 11 10 10 10 104 66 15 19 20 20 22 19 21 28 22 26 30 35 37 33 35 33 29 32 40 84 61 39 38 41 40 35 57 54 37 93 47 43
2 2 2 2 2 2 2 2 2 2 2 2 2 1 1 1 1 1 1 1 1 1 1 1 1 1 1 1 2 5 5 15 20 18 16 8 5 5 4 2 2 0 0 0 0 0 1 1 3 4 4 5 5 7 8 8 8 7 15 12 9 8 9 12 14 17 11 19 19 10 14 22 21 23 16 30 32 32 31 27 33 43 40 65 63 38 35 42 45 44 45 55 39 67 66 63
2 2 2 2 2 2 2 2 2 1 1 1 1 1 1 1 1 1 1 1 1 1 1 1 1 1 1 1 1 5 5 9 20 19 16 8 6 6 5 5 4 0 0 0 1 1 2 2 4 4 5 15 17 11 7 8 8 19 21 10 9 8 11 11 10 11 13 10 9 12 12 13 20 17 16 18 23 25 32 34 80 131 45 31 35 36 33 39 47 44 47 41 85 47 52 46
2 2 2 2 2 2 2 2 1 1 1 1 1 1 1 1 1 1 1 1 1 1 1 1 1 1 1 1 1 2 5 5 12 23 7 7 7 7 7 7 4 1 1 1 1 2 4 4 4 4 7 17 15 10 6 7 11 17 14 8 8 7 10 12 9 13 7 6 6 10 12 24 21 20 15 13 16 20 16 21 28 45 37 36 36 34 40 32 42 38 39 46 88 46 37 42
2 2 2 2 2 2 2 1 1 1 1 1 1 1 1 1 1 1 1 1 1 1 1 1 1 1 1 1 1 2 5 5 5 30 9 8 7 7 7 7 4 1 1 1 2 7 4 4 4 4 6 11 8 6 6 8 13 11 11 8 8 8 8 7 7 12 6 5 4 4 9 21 11 13 14 18 17 18 15 14 17 23 31 34 32 34 60 27 43 59 60 47 52 64 53 44
2 2 2 2 2 2 2 1 1 1 1 1 1 1 1 1 1 1 1 1 1 1 1 1 1 1 1 1 2 36 5 5 5 25 33 17 5 6 6 4 4 4 4 6 5 7 4 3 4 5 5 6 7 7 9 11 10 9 9 9 9 9 8 8 9 8 6 5 5 6 7 7 8 14 17 22 12 12 13 14 14 19 23 26 32 37 43 75 70 44 59 61 53 54 48 49
1 1 2 2 2 2 2 1 1 1 1 1 1 1 1 0 1 1 1 1 1 1 1 1 0 0 1 1 51 74 5 5 5 32 34 20 4 4 4 4 4 4 4 4 4 3 3 4 8 9 8 6 8 10 12 10 9 11 18 12 9 9 11 12 10 9 7 5 5 6 7 8 9 18 19 18 15 16 17 14 13 20 22 16 14 31 34 56 80 81 76 92 79 48 35 35
0 0 0 0 1 2 1 1 0 0 0 0 0 0 0 0 0 0 0 0 0 0 0 0 0 0 0 12 135 123 5 5 8 33 19 9 6 4 4 4 4 4 4 4 4 3 3 5 6 6 8 7 8 8 8 12 15 12 11 10 9 8 14 27 14 11 10 5 5 6 6 7 8 15 16 14 15 13 11 10 11 16 19 11 9 14 19 21 26 37 40 37 36 34 31 32
0 0 0 0 0 0 0 0 0 0 0 0 0 0 0 0 0 0 0 0 0 0 0 0 0 0 30 108 83 61 11 5 6 13 10 10 9 4 4 4 4 4 4 4 4 6 7 7 8 7 8 9 9 9 13 14 14 16 6 8 8 6 9 21 12 10 9 7 7 7 6 6 10 12 11 12 11 13 12 8 10 10 13 14 10 10 14 18 18 12 20 18 19 16 11 25
0 0 0 0 0 0 0 0 0 0 0 0 0 0 0 0 0 0 0 0 0 0 0 0 0 0 0 0 2 5 5 5 5 8 10 10 6 4 4 4 4 4 4 4 2 7 9 9 9 9 9 9 7 6 16 17 17 14 14 8 8 8 7 9 9 9 9 8 10 7 9 6 6 10 8 10 9 9 8 7 6 7 12 13 14 20 19 15 14 11 8 10 11 11 6 17
0 0 0 0 0 0 0 0 0 0 0 0 0 0 0 0 0 0 0 0 0 0 0 0 0 0 0 0 0 4 5 5 5 5 7 8 4 4 4 4 4 3 4 4 1 5 9 13 15 12 15 9 8 6 13 17 13 12 10 15 12 9 10 9 9 10 16 10 9 7 8 12 12 11 8 7 8 7 7 7 7 7 10 12 14 24 18 10 12 7 6 10 11 13 16 18
0 0 0 0 0 0 0 0 0 0 0 0 0 0 0 0 0 0 0 0 0 0 0 0 0 0 0 0 0 3 4 5 4 4 3 2 1 2 2 3 1 0 0 0 0 6 12 15 19 20 16 10 8 8 13 15 13 7 8 10 14 12 12 9 9 9 9 13 10 5 7 9 13 10 10 9 8 7 8 6 6 7 12 14 10 7 10 9 7 8 8 9 11 9 16 21
0 0 0 0 0 0 0 0 0 0 0 0 0 0 0 0 0 0 0 0 0 0 0 0 0 0 0 0 0 1 2 2 3 2 2 1 1 1 1 2 1 2 2 2 3 5 12 15 24 34 21 18 15 12 12 12 18 12 11 11 14 12 9 9 10 9 8 11 11 6 7 9 12 14 15 14 8 9 12 8 11 11 13 10 6 8 5 3 3 8 8 8 8 4 6 8
0 0 0 0 0 0 0 0 0 0 0 0 0 0 0 0 0 0 0 0 0 0 0 0 0 0 0 0 0 0 0 0 1 2 2 2 3 2 2 2 1 3 4 4 3 4 7 10 16 29 30 21 18 17 14 16 30 15 14 10 12 12 12 11 12 14 9 14 15 9 13 9 6 10 14 13 9 13 8 11 15 13 10 7 7 10 7 3 3 6 8 6 5 4 5 5
