data/raw/gdp/gdp25_15mi.txt
ncols         1440
nrows         572
xllcorner     -180
yllcorner     -58.000000000011
cellsize      0.250002
NODATA_value  -9999
[rows 164 to 245 of 572, columns 864 to 959 of 1440]
0 0 0 0 0 0 0 0 0 0 0 0 2 19 27 22 15 6 5 3 2 3 5 11 10 9 30 41 7 10 12 9 8 7 7 4 5 6 7 4 3 4 21 4 3 3 59 16 0 0 0 0 0 0 0 0 0 0 0 0 5 0 0 0 0 0 0 0 0 0 0 0 0 0 0 0 0 0 0 0 0 0 0 0 0 0 0 0 0 0 0 0 2 0 0 0
0 0 0 0 0 0 0 0 0 0 0 0 0 0 15 29 23 19 7 2 2 4 5 14 2 4 6 6 9 14 14 27 34 16 15 11 11 10 10 6 6 6 3 3 3 24 30 0 0 0 0 0 0 0 0 0 0 0 0 0 24 27 3 0 0 0 0 0 0 0 0 0 0 0 0 0 0 0 0 0 0 0 0 0 0 0 0 0 0 0 0 0 2 0 0 0
0 0 0 0 0 0 0 0 0 0 0 0 0 0 0 7 2 0 0 0 2 3 4 2 2 3 7 13 12 37 93 19 17 17 21 10 9 25 185 39 44 18 24 12 5 28 19 0 0 0 0 0 0 0 0 0 0 0 0 0 0 5 0 0 0 0 0 17 0 0 0 0 0 0 0 0 0 0 0 0 0 0 0 0 0 0 0 0 0 0 0 0 0 1 2 1
0 0 0 0 0 0 0 0 0 0 0 0 0 0 0 0 0 0 0 0 0 0 0 0 0 0 4 4 6 4 9 8 10 16 43 14 8 26 93 46 26 20 34 25 7 27 5 0 0 0 0 0 0 0 0 0 0 0 0 0 0 0 0 0 0 0 0 0 0 0 0 0 0 0 0 0 0 0 0 0 0 0 0 0 0 0 0 0 0 0 0 15 0 4 4 3
0 0 0 0 0 0 0 0 0 0 0 0 0 0 0 0 0 0 0 0 0 0 0 0 0 0 0 0 0 2 3 6 6 10 130 13 11 15 8 9 12 12 7 7 31 24 59 0 0 0 0 0 0 0 0 0 0 0 0 0 0 0 0 0 0 0 0 0 0 0 0 0 0 0 0 0 0 0 0 0 0 0 0 0 0 0 0 0 0 0 2 4 5 5 5 11
0 0 0 0 0 0 0 0 0 0 0 0 0 0 0 0 0 0 0 0 0 0 0 0 0 0 0 0 0 0 0 4 3 1 0 3 1 0 0 2 7 10 10 9 7 8 18 8 0 0 0 0 0 0 0 0 0 0 0 0 0 0 0 0 0 0 0 0 0 0 0 0 0 0 0 0 0 0 0 0 0 0 0 0 0 0 0 0 0 1 2 6 9 8 7 3
0 0 0 0 0 0 0 0 0 0 0 0 0 0 0 0 0 0 0 0 0 0 0 0 0 0 0 0 0 0 0 0 0 0 0 0 0 0 0 3 3 5 5 7 9 12 9 10 4 0 0 0 0 0 0 0 0 0 0 0 0 0 0 0 0 0 0 0 0 0 0 0 0 0 0 0 0 0 0 0 0 0 0 0 0 0 0 1 2 2 2 2 4 26 76 2
0 0 0 0 0 0 0 0 0 0 0 0 0 0 0 0 0 0 0 0 0 0 0 0 0 0 0 0 0 0 0 0 0 0 0 0 0 0 1 2 3 3 3 3 3 13 9 8 38 22 0 0 0 0 0 0 0 0 0 0 0 0 0 0 0 0 0 0 0 0 0 0 0 0 0 0 0 0 0 0 0 0 0 0 0 0 1 2 2 2 2 3 2 1 1 2
0 0 0 0 0 0 0 0 0 0 0 0 0 0 0 0 0 0 0 0 0 0 0 0 0 0 0 0 0 0 0 0 0 0 0 0 0 0 0 0 0 4 5 3 3 5 6 10 13 32 5 0 0 0 0 0 0 0 0 0 0 0 0 0 0 0 0 0 0 0 0 0 0 0 0 0 0 0 0 0 0 0 0 0 1 1 1 2 3 2 1 1 1 1 2 28
12 0 0 0 0 0 0 0 0 0 0 0 0 0 0 0 0 0 0 0 0 0 1 0 0 0 1 1 0 0 0 0 0 0 0 0 0 0 0 0 1 6 7 6 2 2 4 8 16 12 8 4 0 0 0 0 0 0 0 0 0 0 0 0 0 0 0 0 0 0 0 0 0 0 0 0 0 0 0 0 0 0 0 0 1 1 1 1 1 1 1 1 2 2 1 1
20 5 9 10 1 0 0 0 0 0 0 0 0 0 0 0 0 0 0 0 2 3 5 5 5 4 6 6 2 0 0 0 0 0 0 1 3 5 3 0 0 1 3 3 3 3 6 7 5 4 5 7 2 0 0 0 0 0 0 0 0 0 0 0 0 0 0 0 0 0 0 0 0 0 0 0 0 0 0 0 0 0 0 0 1 1 1 1 1 1 1 1 2 1 1 1
22 22 22 22 18 13 10 5 0 0 0 2 6 12 6 1 0 2 6 14 17 8 5 5 5 5 6 6 6 4 0 1 3 4 6 4 5 6 6 5 5 2 2 3 13 3 4 5 4 4 4 4 3 0 0 0 0 0 0 0 0 0 0 0 0 0 0 0 0 0 0 0 0 0 0 0 0 0 0 0 0 0 1 1 1 1 1 1 1 1 1 2 2 1 1 1
15 14 18 24 26 26 26 26 17 10 12 13 20 29 29 28 24 25 17 17 13 5 5 5 6 6 6 6 6 6 5 21 2 11 5 4 5 4 6 8 9 5 4 11 12 4 4 4 3 3 3 3 3 2 0 0 0 0 0 0 0 0 0 0 0 0 0 0 0 0 0 0 0 0 0 0 0 0 0 0 0 0 0 1 1 1 1 1 1 2 1 1 1 1 1 1
10 12 14 14 16 20 24 26 18 13 13 10 5 13 18 20 27 25 13 9 6 6 6 6 6 6 6 6 6 6 6 10 5 3 6 14 2 3 6 6 5 49 5 6 14 7 8 9 4 4 3 3 2 3 66 25 24 0 0 0 0 0 0 0 0 0 0 0 0 0 0 0 0 0 0 0 0 0 0 0 0 0 0 0 1 1 1 1 1 2 1 1 1 1 1 1
13 14 14 14 14 13 12 15 7 13 13 12 5 5 5 5 5 5 6 6 6 6 6 6 6 6 6 6 6 6 5 3 5 10 21 5 8 1 3 3 3 4 3 7 11 9 6 6 5 5 3 3 2 15 63 67 58 40 18 0 0 0 0 0 0 0 0 0 0 0 0 0 0 0 0 0 0 0 0 0 0 0 0 0 1 1 1 1 1 1 1 1 1 1 1 1
13 14 12 6 5 5 5 5 5 9 10 9 5 5 5 5 5 6 6 6 6 6 6 6 6 6 6 6 6 6 6 8 22 111 100 7 5 4 3 2 2 2 3 8 10 6 5 5 5 5 6 8 3 40 22 0 0 4 0 0 0 0 0 0 0 0 0 9 2 0 0 0 0 0 0 0 0 0 0 0 0 0 0 0 1 1 1 1 1 1 1 1 1 1 1 1
8 6 5 5 5 5 5 5 5 5 5 5 5 5 5 5 5 5 6 6 6 6 6 6 6 7 7 7 8 7 6 6 6 6 14 4 4 3 3 2 2 2 7 10 7 5 5 5 5 6 6 15 4 45 4 0 0 0 0 0 0 0 0 0 0 0 0 16 4 0 0 0 0 0 0 0 0 0 0 0 0 0 0 0 0 0 0 1 1 1 1 1 1 1 0 0
6 5 5 5 5 5 5 5 5 5 5 5 5 5 5 4 4 4 5 6 6 6 6 6 6 7 8 8 8 8 8 7 7 8 15 10 6 2 1 2 2 4 4 2 5 6 8 13 8 4 5 5 4 11 0 0 0 0 0 0 0 0 0 0 0 0 0 0 0 1 1 1 1 2 2 0 0 0 0 0 0 0 0 0 0 0 0 1 1 1 1 1 1 1 0 0
5 5 5 5 5 5 5 5 5 5 5 4 3 3 3 3 4 5 5 5 6 8 7 6 7 8 8 8 7 7 7 7 11 13 16 15 9 4 2 2 1 3 3 4 6 14 18 18 16 8 6 4 4 2 0 0 0 0 0 0 0 0 0 0 0 0 0 0 1 2 3 3 2 2 1 0 0 0 0 0 0 0 0 0 0 0 0 1 1 1 1 1 1 1 0 0
9 9 8 7 5 5 5 6 7 8 6 3 3 3 3 4 8 7 5 5 6 9 8 8 9 9 8 8 7 6 6 6 9 16 16 16 15 19 2 2 1 7 4 10 17 18 18 18 16 10 13 10 5 0 0 0 0 0 0 0 0 0 0 0 0 0 0 0 0 0 1 3 3 2 1 0 0 0 0 0 0 0 0 0 0 0 0 1 1 1 1 1 1 1 0 1
10 10 10 7 5 5 9 11 11 11 10 7 7 5 5 8 10 7 5 5 6 9 9 9 8 8 8 8 6 4 6 6 7 15 16 16 16 16 18 11 10 10 14 18 18 18 18 18 10 6 12 14 2 0 0 0 0 0 0 0 0 0 0 0 0 0 0 0 1 0 0 0 1 0 0 0 0 0 0 0 1 8 0 0 0 0 0 1 1 1 1 1 1 1 0 1
10 10 10 8 7 9 11 11 11 10 10 10 10 10 10 10 10 6 9 9 11 11 9 8 8 8 0 0 2 6 6 6 6 13 16 16 16 17 18 18 18 18 18 18 18 18 18 18 18 10 8 11 0 0 0 0 0 0 0 0 0 0 0 0 0 0 0 0 0 0 0 0 0 0 0 0 0 0 0 0 0 0 0 0 0 0 0 1 1 1 1 1 1 1 0 1
13 16 11 11 11 11 11 11 11 11 11 10 11 11 12 13 13 13 13 13 13 16 13 8 8 8 7 5 3 6 6 6 6 10 16 16 17 18 18 18 18 18 18 18 18 18 18 18 18 18 26 19 0 0 0 0 0 0 0 0 0 0 0 0 0 0 0 0 0 0 0 0 0 0 0 0 0 0 0 0 0 0 0 0 1 0 0 1 1 1 1 1 1 1 0 1
18 15 11 11 11 11 11 11 11 12 12 12 12 13 13 13 13 13 13 13 14 15 10 7 7 8 8 7 6 6 6 6 6 11 16 16 11 3 18 18 18 18 18 18 18 18 18 18 18 18 31 28 0 0 0 0 0 0 0 0 0 0 0 0 0 0 0 0 0 0 0 0 0 0 0 0 0 3 8 8 6 4 5 4 4 2 1 1 8 1 1 1 1 1 1 1
18 14 11 11 11 11 12 12 12 13 13 13 9 9 11 13 13 13 13 13 15 15 10 7 7 7 7 7 6 6 6 6 5 11 15 16 9 7 17 18 18 18 18 18 18 18 18 18 18 18 35 37 0 0 0 0 0 0 0 0 0 0 0 0 0 0 0 0 0 0 0 0 0 0 0 2 15 21 21 21 16 5 5 5 5 5 4 3 1 1 1 1 1 1 1 0
18 12 11 11 11 11 13 14 13 13 12 10 9 9 9 11 13 11 10 10 11 15 13 8 7 7 7 7 7 6 4 4 4 4 10 16 16 5 7 17 18 18 18 18 18 18 18 18 18 18 26 40 26 6 0 0 0 0 0 0 0 0 0 0 0 0 0 0 0 0 0 0 0 0 0 16 21 21 21 21 17 6 5 5 5 5 5 5 5 3 3 3 2 1 1 0
18 14 14 14 13 17 21 19 10 9 9 9 9 9 9 10 10 10 10 10 10 10 10 8 7 7 8 9 10 7 4 4 7 4 7 15 16 6 7 12 18 18 18 18 18 18 18 18 18 18 18 32 40 40 38 36 27 1 0 0 0 0 0 0 0 0 0 0 0 0 0 4 6 9 16 20 21 21 21 11 5 5 5 5 5 5 5 5 5 5 5 5 5 3 1 1
19 18 22 24 24 24 24 17 9 9 9 9 9 9 9 9 10 10 9 7 8 8 8 6 5 8 11 13 13 13 12 13 17 7 13 16 16 13 11 17 18 18 17 18 18 17 14 13 13 14 13 17 35 40 40 40 40 25 1 0 0 0 0 0 0 0 0 0 0 0 0 5 21 21 21 21 21 21 13 2 5 5 5 5 5 5 5 5 5 5 5 5 5 5 3 2
23 32 26 23 24 24 24 22 13 13 10 9 9 9 9 9 7 5 5 5 5 5 5 5 8 12 12 13 13 12 12 13 16 18 19 18 16 16 16 16 16 16 16 17 17 13 12 12 12 12 12 12 16 38 40 40 40 38 22 9 1 0 0 0 0 0 0 2 8 11 14 12 21 21 21 21 19 21 6 1 4 5 5 5 5 5 5 5 5 5 5 5 5 5 5 5
19 35 23 16 18 19 17 16 16 16 11 4 5 5 5 5 5 5 5 5 5 5 6 9 12 12 12 12 12 12 12 13 16 19 19 19 17 16 16 16 16 16 16 16 16 12 12 12 12 12 12 12 12 18 28 29 19 19 21 21 21 18 12 8 11 16 20 21 21 21 21 21 21 21 20 6 1 2 1 1 2 3 3 5 5 5 5 5 5 5 5 5 5 5 5 5
35 35 25 16 16 16 16 16 16 14 7 3 3 3 3 4 5 5 5 5 5 10 12 12 12 12 12 12 12 12 13 18 19 19 20 22 20 17 16 15 12 12 12 13 14 11 11 11 12 12 12 12 12 12 12 12 12 19 44 40 25 21 21 21 21 21 21 21 21 21 21 19 6 3 2 1 1 1 1 1 1 1 2 5 5 5 5 5 5 5 5 5 5 5 5 5
35 27 18 16 16 16 15 16 8 3 3 3 3 3 3 2 3 5 5 5 5 12 12 12 12 12 12 12 12 13 18 19 19 19 20 20 22 18 13 11 11 11 11 11 11 11 11 11 12 12 12 12 12 12 12 12 12 12 57 86 82 60 39 25 21 21 21 21 21 21 21 10 1 1 1 1 1 1 1 1 1 1 2 5 5 5 5 5 5 5 5 5 5 5 5 5
32 18 17 17 16 16 15 16 9 3 3 3 3 3 3 2 2 3 4 5 5 9 12 12 12 12 12 12 12 16 19 19 20 24 25 21 22 21 19 14 14 12 11 11 11 11 11 11 12 12 12 12 12 12 12 12 13 58 84 86 86 86 86 77 30 59 76 57 39 11 7 1 1 1 1 1 1 1 1 1 1 1 1 3 5 5 5 5 5 5 5 5 5 5 5 5
33 14 17 17 16 16 16 16 6 3 3 3 3 3 3 2 2 2 3 4 4 9 12 12 12 12 12 12 12 17 19 21 29 31 31 22 22 22 22 22 13 11 11 11 11 11 11 14 19 17 16 18 14 12 12 11 10 29 37 65 86 86 86 78 77 86 86 86 65 1 1 1 1 1 1 1 1 1 1 1 1 1 1 1 3 5 5 5 5 5 5 5 5 5 5 5
33 12 14 14 13 11 12 12 12 4 3 3 3 3 2 2 2 2 2 2 2 12 12 12 12 12 12 12 12 13 21 31 31 31 29 13 18 22 22 22 14 11 11 11 11 11 11 12 20 21 21 21 21 17 10 10 10 10 10 50 86 86 86 52 3 30 44 41 6 1 1 1 1 1 1 1 1 1 1 1 1 1 1 2 5 5 5 5 5 5 5 5 5 5 5 5
38 12 11 11 11 11 8 10 10 3 3 3 3 2 2 2 2 2 2 2 3 5 8 12 12 12 12 12 12 15 24 31 27 12 13 8 13 22 20 21 19 15 11 11 11 13 14 11 15 21 21 21 21 15 10 10 10 10 10 67 86 86 86 82 9 1 1 1 1 1 1 1 1 1 1 1 1 1 1 1 1 1 4 5 5 5 5 5 5 5 5 5 5 5 5 5
35 9 5 5 6 4 3 4 3 3 3 3 3 3 2 2 2 2 2 2 2 3 3 4 5 3 4 8 12 9 8 15 18 8 8 12 19 21 15 17 17 17 15 11 16 17 18 20 21 21 21 21 16 13 12 10 10 14 49 83 86 86 86 67 1 1 1 1 1 1 1 1 1 1 1 1 1 1 1 1 1 3 5 5 5 5 4 4 5 5 5 5 5 5 5 5
25 12 3 3 3 3 3 3 3 3 3 3 3 3 3 2 2 2 2 2 2 3 3 3 3 3 3 3 7 8 8 8 8 8 9 13 13 16 15 17 17 17 17 17 17 17 18 19 20 21 21 20 12 10 10 10 10 51 86 86 86 84 76 7 1 1 1 1 1 1 1 1 1 1 1 1 1 1 1 1 3 5 5 5 5 5 4 5 5 5 5 5 5 5 5 5
20 8 4 3 3 3 3 3 3 2 3 3 3 3 3 3 2 2 2 2 3 3 3 3 3 3 3 3 6 8 8 8 8 8 13 13 13 13 17 17 17 17 17 17 17 17 16 18 21 21 21 21 12 10 10 10 10 10 43 81 29 8 6 4 7 8 7 5 4 4 4 5 5 5 5 5 5 5 3 2 5 5 5 5 5 5 5 5 5 5 5 5 5 5 5 5
7 8 14 13 3 3 3 3 3 3 3 3 3 3 3 3 2 2 3 3 3 3 3 3 3 3 3 3 2 7 8 8 8 11 13 13 13 13 17 17 16 17 17 17 17 14 13 13 15 17 17 18 13 10 10 10 10 10 10 20 10 8 8 8 8 8 8 8 8 8 8 8 8 8 8 8 8 6 3 4 5 5 5 5 5 5 5 5 5 5 5 5 5 5 5 5
12 15 17 17 16 6 3 3 3 3 3 3 3 3 3 3 3 3 3 3 3 3 3 3 3 3 3 3 2 1 8 8 25 31 13 13 13 13 16 8 6 7 13 14 13 9 13 13 13 13 13 13 10 11 11 10 10 10 10 9 8 8 8 8 8 8 8 8 8 8 8 8 8 8 8 8 8 8 0 4 5 5 5 5 5 5 5 5 5 5 5 5 5 5 5 5
16 17 17 17 17 17 7 3 3 3 3 3 3 3 3 3 3 3 3 3 3 3 3 3 3 3 3 3 3 2 3 4 201 209 13 13 13 13 14 8 6 6 6 8 13 13 13 13 13 13 13 13 13 13 12 12 9 9 9 8 8 8 8 8 8 8 8 8 8 8 8 8 8 8 8 8 8 7 4 5 5 5 5 5 5 5 5 5 5 5 5 5 5 5 5 5
17 17 17 17 17 17 17 12 4 3 2 2 2 3 3 3 3 3 3 3 3 3 3 3 3 3 3 3 3 2 2 78 294 314 261 191 13 13 13 11 7 6 6 6 10 12 13 13 13 13 13 13 13 13 13 12 9 8 8 8 8 8 8 8 8 8 8 8 8 8 8 8 8 8 8 8 5 3 5 5 5 5 5 5 5 5 5 5 5 5 5 5 5 5 5 5
16 16 8 9 16 17 17 17 14 2 1 1 3 3 3 3 3 3 3 3 3 3 2 2 2 2 2 3 2 2 2 31 242 319 275 90 10 11 11 10 8 6 6 6 6 6 10 13 13 13 13 13 13 13 12 10 8 8 8 8 8 8 8 8 8 8 8 8 8 8 8 8 8 8 8 8 3 3 4 5 5 5 5 5 5 5 5 5 5 5 5 5 5 5 5 5
16 10 5 5 6 15 16 8 1 1 1 1 2 3 3 3 3 3 3 3 2 2 2 2 2 2 2 2 2 2 2 3 41 123 27 13 10 10 10 10 9 9 7 6 6 6 6 11 12 12 12 12 12 13 9 8 8 8 8 8 8 8 8 8 8 8 8 8 8 8 7 7 8 6 5 3 3 3 3 3 4 5 5 5 5 5 5 5 5 5 5 5 5 5 5 5
21 13 5 5 4 3 2 1 1 1 1 1 1 3 3 3 3 3 3 3 2 2 2 2 2 2 2 2 2 2 2 2 19 39 39 38 17 10 10 9 10 10 8 7 6 6 6 8 12 12 12 12 12 12 12 10 10 9 10 10 8 8 8 8 8 8 8 8 6 4 5 2 2 3 3 2 3 3 3 3 3 4 5 5 5 5 5 5 5 5 5 5 5 5 5 5
12 6 4 3 1 1 1 1 1 1 1 1 1 2 3 3 3 3 2 2 2 2 2 2 2 2 2 2 2 2 2 2 9 39 39 38 23 13 10 10 10 9 8 8 8 8 6 11 12 12 12 12 12 12 12 12 12 12 12 12 9 8 8 8 8 8 8 7 3 3 3 3 3 3 3 3 3 3 3 3 3 3 5 5 5 5 5 5 5 5 5 5 5 5 5 5
11 11 7 2 1 1 1 1 1 1 1 1 1 2 2 2 2 2 2 2 2 2 2 2 2 2 2 2 2 2 2 5 6 14 28 24 21 21 13 10 10 9 8 8 8 8 8 12 12 12 12 12 12 12 12 12 12 12 12 12 12 9 8 8 8 8 8 3 3 3 3 3 3 3 3 3 2 3 3 3 3 3 4 5 5 5 5 5 5 5 5 5 5 5 5 5
20 21 17 14 11 8 5 1 1 1 2 2 2 2 2 2 2 2 2 2 2 2 2 2 2 2 2 2 2 3 5 6 6 6 20 21 21 21 20 18 18 14 8 8 8 8 8 11 12 12 12 12 12 12 12 12 12 12 12 12 12 9 8 8 8 8 8 6 3 3 3 3 3 3 3 3 2 3 3 3 3 3 3 3 3 4 5 5 5 5 5 5 5 5 5 5
21 21 21 17 14 11 8 4 2 2 2 2 2 2 2 2 2 2 2 2 2 2 2 2 2 2 2 2 2 6 6 6 6 8 21 21 12 4 9 18 18 18 10 8 8 8 8 11 12 12 12 12 12 12 12 12 12 12 12 12 12 8 8 8 7 8 8 7 4 3 3 3 3 3 3 3 3 2 3 3 3 3 3 3 3 3 3 3 4 5 5 5 5 5 5 5
14 21 21 21 20 2 2 2 2 2 2 2 2 2 2 2 2 2 2 2 2 2 2 2 2 2 2 2 4 6 6 6 6 6 11 14 3 2 2 18 18 18 15 8 8 10 9 12 12 12 12 12 12 12 12 12 11 10 10 12 12 9 8 8 7 7 7 7 7 5 3 3 3 3 3 3 3 3 3 3 3 3 3 3 3 3 3 3 3 3 4 5 5 5 5 5
4 3 4 4 4 3 2 2 2 2 2 2 2 2 2 2 2 2 2 2 2 2 2 2 2 2 2 2 5 6 6 6 6 6 4 2 2 2 3 18 18 18 18 14 20 28 25 11 12 12 12 12 12 12 12 11 9 9 9 10 10 9 8 7 7 7 7 7 7 7 1 2 3 3 3 3 3 3 3 3 3 3 3 3 3 2 3 3 3 3 3 3 4 5 5 5
2 0 0 0 0 0 1 2 2 2 2 2 2 2 2 2 2 2 2 2 2 2 2 2 2 2 2 3 6 6 6 6 6 6 2 2 2 2 7 14 15 18 18 18 24 28 28 28 14 12 12 12 12 12 12 12 11 9 9 9 9 9 9 7 7 7 7 7 7 7 3 3 3 3 3 3 3 3 3 3 3 3 3 3 3 3 3 3 3 3 3 3 3 4 5 5
0 0 0 0 0 0 0 1 2 2 2 2 2 2 2 2 2 2 2 2 2 2 2 2 2 2 2 3 6 6 6 6 6 2 2 2 2 2 2 2 2 6 19 23 26 28 28 28 14 12 12 12 12 12 12 12 12 11 9 9 9 8 8 7 7 7 7 7 7 7 7 4 3 3 3 3 3 3 2 3 3 3 3 3 3 3 3 3 3 3 3 3 3 3 3 3
0 0 0 0 0 0 1 1 2 2 2 2 2 2 2 2 2 2 2 2 2 2 2 2 2 2 2 2 4 4 5 6 4 2 2 2 2 2 2 2 2 2 16 28 28 28 28 28 23 14 12 11 11 12 12 12 12 11 9 9 9 7 7 7 7 7 7 7 7 7 7 7 3 3 3 3 3 3 3 3 3 3 3 3 3 3 3 3 3 3 3 3 3 2 2 2
0 0 0 0 0 0 1 2 2 2 2 2 2 2 2 2 2 2 2 2 2 2 2 2 2 2 2 2 2 2 4 6 2 2 2 2 2 2 2 2 2 2 4 28 33 55 61 41 33 23 12 10 4 6 11 5 5 7 7 8 7 7 7 7 7 7 7 7 7 7 7 7 4 3 3 3 3 3 3 3 3 3 3 3 3 3 3 3 3 3 3 3 3 2 2 2
0 0 1 1 1 2 2 2 2 2 2 2 2 2 2 2 2 2 2 2 2 2 2 2 2 2 2 2 2 2 5 3 2 2 2 2 2 2 2 2 2 2 8 28 90 125 125 125 125 51 5 0 0 0 0 0 2 7 7 7 7 7 7 7 7 7 7 7 7 7 7 7 7 5 3 3 3 3 3 3 3 3 3 3 3 3 3 3 3 3 3 2 3 2 2 2
0 0 1 2 2 2 2 2 2 2 2 2 2 2 2 2 2 2 2 2 2 2 2 2 2 2 2 2 2 2 3 2 2 2 2 2 2 2 2 2 2 2 12 42 125 125 125 121 111 42 0 0 0 0 0 0 0 3 7 7 7 7 7 7 7 7 7 7 7 7 6 7 7 7 4 3 3 3 3 3 3 3 3 3 3 3 3 3 3 3 3 3 3 2 2 2
0 1 2 2 2 2 2 2 2 2 2 2 2 2 2 2 2 2 2 2 2 2 2 2 2 2 2 2 2 2 2 2 2 2 2 2 1 0 1 1 2 2 20 100 125 125 125 94 35 28 0 0 0 0 0 0 0 1 4 7 7 7 7 7 7 7 7 7 7 7 7 7 6 7 7 6 3 2 3 3 3 3 3 3 3 3 3 3 3 3 3 3 2 2 2 2
2 2 2 2 2 2 2 2 2 2 2 2 2 2 2 2 2 2 2 2 2 2 2 2 2 2 2 2 2 2 2 2 2 2 2 1 0 0 0 0 0 1 45 91 105 119 125 125 83 0 0 0 0 0 0 0 0 1 2 6 7 7 7 7 7 7 7 7 7 7 7 7 7 7 7 7 5 3 3 3 3 3 3 3 3 3 3 3 3 3 3 3 3 2 2 2
3 2 2 2 2 2 2 2 2 2 2 2 2 2 2 2 2 2 2 2 3 3 3 3 3 2 2 2 2 2 2 2 2 2 2 2 2 1 1 1 1 1 1 1 1 2 97 125 121 28 0 0 0 0 0 0 0 0 0 4 7 7 7 7 7 7 7 7 7 7 7 7 7 7 7 7 6 3 3 3 3 3 3 3 3 3 3 3 3 3 3 3 3 2 2 2
3 3 2 3 2 2 3 2 2 2 2 2 2 2 2 2 3 4 4 4 4 4 4 4 4 3 3 3 2 2 2 2 2 2 2 2 2 2 2 1 1 1 1 1 1 1 50 110 108 75 0 0 0 0 0 0 0 0 0 0 6 7 7 7 7 7 7 7 7 7 7 7 7 7 7 7 7 5 3 3 3 3 3 3 3 3 3 3 3 3 3 3 2 2 2 2
3 3 3 3 3 3 3 2 2 2 2 2 2 3 3 4 4 4 4 4 4 4 4 4 4 4 4 4 3 3 3 2 2 2 2 2 2 2 1 1 1 1 1 1 1 1 1 1 1 1 0 0 0 0 0 0 0 0 0 0 3 7 7 7 7 7 7 7 7 7 7 7 7 7 7 7 7 7 4 3 3 3 3 3 3 3 3 3 3 3 3 3 2 2 2 2
3 3 3 3 3 3 3 3 3 3 3 3 3 3 4 4 4 4 4 4 4 4 4 4 4 4 4 4 4 4 4 3 2 2 2 2 2 2 1 1 1 1 1 1 1 1 1 1 1 1 1 0 0 0 0 0 0 0 0 0 0 7 7 7 7 7 7 7 7 7 7 7 7 7 7 7 7 7 3 3 3 3 3 3 3 3 3 3 3 3 3 2 2 2 2 2
3 3 3 3 3 3 3 3 3 3 3 3 3 3 3 4 4 4 4 4 4 4 4 4 4 4 4 4 4 4 4 4 3 2 2 2 2 1 1 1 1 1 1 1 1 1 1 1 1 1 1 1 0 0 0 0 0 0 0 0 0 2 5 5 6 7 7 7 7 7 7 7 7 7 7 7 7 6 4 3 3 3 3 3 3 3 3 3 3 3 3 2 2 2 2 2
3 3 3 3 3 3 3 3 3 3 3 3 3 3 3 3 4 4 4 4 4 4 4 4 4 4 4 4 4 4 4 4 4 4 3 2 1 1 1 1 1 1 1 1 1 1 1 1 1 1 1 1 0 0 0 0 0 0 0 0 0 0 0 0 1 4 7 7 7 7 7 7 7 7 7 7 6 3 3 3 3 3 3 3 3 3 3 3 3 3 3 1 2 2 2 2
3 3 3 3 4 4 4 4 3 3 3 3 3 3 3 3 4 4 4 4 4 4 4 4 4 4 4 4 4 4 4 3 4 4 5 7 5 1 1 1 1 1 1 1 1 1 1 1 1 1 1 1 1 1 0 0 0 0 0 0 0 0 0 0 0 0 4 5 7 7 7 7 4 3 3 3 3 3 3 3 3 3 3 3 3 3 3 3 3 3 3 1 2 2 2 2
3 3 3 4 6 6 6 5 4 3 3 3 3 3 3 3 3 4 4 4 4 4 4 4 4 4 4 4 4 3 3 3 3 3 3 6 7 5 3 1 1 1 1 1 1 1 1 1 1 1 1 1 1 1 1 0 0 0 0 0 0 0 0 0 0 0 0 1 3 4 4 4 3 3 3 3 3 3 3 3 2 2 2 3 3 3 3 3 3 3 3 2 2 2 2 2
3 3 3 3 6 6 6 6 6 4 5 4 3 3 3 3 4 4 4 4 4 4 4 4 4 4 4 3 3 3 3 3 3 3 4 7 7 7 7 5 3 2 1 1 1 1 1 1 1 1 1 1 1 1 1 1 0 0 0 0 0 0 0 0 0 0 0 0 1 1 3 3 3 3 3 3 3 3 3 3 2 1 0 1 3 3 3 3 3 3 3 2 2 2 2 2
2 3 3 3 5 6 6 6 6 6 6 6 6 5 6 4 4 4 4 4 4 4 4 4 4 4 3 3 3 3 3 3 3 4 7 7 7 7 7 7 7 6 4 3 1 1 1 1 1 1 1 1 1 1 1 1 1 0 0 0 0 0 0 0 0 0 0 0 0 0 1 1 1 2 3 3 1 2 2 1 0 0 0 0 3 3 3 3 3 3 3 3 2 2 2 2
0 2 3 3 4 6 6 6 6 6 6 6 6 6 6 5 4 4 4 4 4 4 4 4 4 3 3 3 3 3 3 3 3 4 7 7 7 7 7 7 7 7 7 7 5 2 1 1 1 1 1 1 1 1 1 1 1 0 41 0 0 0 0 0 0 0 0 0 0 0 0 0 0 0 0 0 0 0 0 0 1 3 1 0 3 3 3 3 3 3 3 2 2 2 2 2
0 1 3 3 3 5 6 6 6 6 6 6 6 6 6 6 4 4 4 4 4 4 4 4 3 3 3 3 3 3 3 3 3 3 6 7 7 7 7 7 7 7 7 7 7 6 1 1 1 1 1 1 1 1 1 1 1 268 495 0 34 28 0 0 0 0 0 0 0 0 0 0 0 0 0 0 0 0 0 0 22 15 0 0 1 3 3 3 3 3 3 2 2 2 2 2
0 0 2 3 3 3 4 6 6 6 6 6 6 6 6 6 4 4 4 4 4 4 4 3 3 3 3 3 3 3 3 3 3 3 4 7 7 7 7 7 7 7 7 7 7 7 1 1 1 1 1 1 1 1 1 1 1 41 309 24 78 75 28 0 0 0 0 0 0 0 0 0 0 0 0 0 8 0 0 17 63 7 0 0 0 3 3 3 3 3 3 3 2 2 2 2
0 0 3 3 3 3 3 5 6 6 6 6 6 6 6 6 4 4 4 5 5 4 3 3 3 3 3 3 3 3 3 3 4 4 4 7 7 7 7 7 7 7 7 7 7 7 1 1 1 1 1 1 1 1 1 1 1 0 9 73 78 78 24 0 0 9 0 0 0 0 0 0 0 0 0 0 0 0 42 96 70 20 0 0 0 0 1 1 3 2 2 3 3 2 2 2
0 0 1 2 3 3 3 3 6 6 6 6 6 6 6 6 4 5 6 6 6 6 5 3 3 3 3 3 3 3 3 5 7 7 7 7 7 7 7 7 7 7 7 7 7 7 1 1 1 1 1 1 1 1 1 1 1 1 0 78 78 78 26 0 0 0 0 0 0 0 0 0 0 0 0 0 0 234 321 147 96 86 0 0 0 0 0 0 0 0 0 0 1 1 1 1
0 0 0 0 1 3 3 3 6 6 6 6 6 6 6 6 6 6 6 6 6 6 5 3 3 3 3 3 3 6 7 7 7 7 7 7 7 7 7 7 7 7 7 7 7 6 1 1 1 1 1 1 1 1 1 1 1 1 1 73 78 78 50 0 0 0 0 1 0 0 0 0 1 0 0 0 126 268 262 235 100 42 0 0 0 0 0 0 0 0 0 0 0 0 0 0
0 0 0 0 1 3 3 4 6 6 6 6 6 6 6 6 6 6 6 6 6 6 6 5 3 3 3 3 5 7 7 7 7 7 7 7 7 7 7 7 7 7 7 7 7 7 1 1 1 1 1 1 1 1 1 1 1 1 1 56 78 78 19 0 0 0 1 1 1 0 0 0 0 0 4 20 222 268 264 102 90 28 0 0 0 0 0 0 0 0 0 0 0 0 0 0
0 0 0 0 0 4 6 6 6 6 6 6 6 6 6 6 6 6 6 6 6 6 6 6 6 7 6 6 7 7 7 7 7 7 7 7 7 7 7 7 7 7 7 7 7 7 5 2 1 1 1 1 1 1 1 1 1 1 1 23 63 52 2 0 0 3 0 0 0 0 0 0 0 5 22 26 102 168 92 23 12 17 3 0 0 0 0 0 0 0 0 0 0 0 0 0
0 0 0 0 0 2 6 6 6 6 6 6 6 6 6 6 6 6 6 6 6 6 6 6 7 7 7 7 7 7 7 7 7 7 7 7 7 7 7 7 7 7 7 7 7 7 7 7 3 1 1 1 1 1 1 1 1 1 1 1 14 18 11 1 1 2 7 0 6 7 2 4 7 18 26 26 26 26 26 10 2 19 41 5 0 0 0 0 0 0 0 0 0 0 0 0
0 0 0 0 0 0 1 3 6 6 6 6 6 6 6 6 6 6 6 6 6 6 6 6 7 7 7 7 7 7 7 7 7 7 7 7 7 7 7 7 7 7 7 7 7 7 7 7 7 2 1 1 1 1 1 1 1 1 1 1 3 16 26 8 2 7 19 16 18 17 18 22 23 22 26 26 26 26 25 24 6 24 33 24 1 0 0 0 0 0 0 0 0 0 0 0
0 0 0 0 0 0 0 1 1 5 6 6 6 6 6 6 6 6 6 6 6 6 7 15 7 7 7 7 7 7 7 7 7 7 7 7 7 7 7 7 7 7 7 7 7 7 7 7 7 3 1 1 1 1 1 1 1 1 1 1 1 1 7 26 16 26 26 26 26 26 26 26 26 26 26 26 26 27 19 11 3 3 9 14 8 23 19 4 0 0 0 0 0 0 0 0
0 0 0 0 0 0 0 0 0 2 6 6 6 6 6 6 6 6 6 6 6 7 10 17 12 7 7 7 7 7 7 7 7 7 7 7 7 7 7 7 7 7 7 7 7 7 7 7 7 3 1 1 1 1 1 1 1 1 1 1 1 1 1 16 18 26 26 26 26 26 26 26 26 26 26 26 26 25 5 1 1 2 3 7 10 38 52 55 106 256 200 2 0 0 0 0
