data/raw/gdp/gdp90_15mi.txt
ncols         1440
nrows         572
xllcorner     -180
yllcorner     -58.000000000011
cellsize      0.250002
NODATA_value  -9999
[rows 166 to 248 of 572, columns 864 to 959 of 1440]
0 0 0 0 0 0 0 0 0 0 0 0 0 0 0 4 1 0 0 0 1 2 2 1 1 2 4 7 6 19 49 10 9 9 11 5 5 13 98 21 23 10 13 6 2 15 10 0 0 0 0 0 0 0 0 0 0 0 0 0 0 2 0 0 0 0 0 9 0 0 0 0 0 0 0 0 0 0 0 0 0 0 0 0 0 0 0 0 0 0 0 0 0 1 1 0
0 0 0 0 0 0 0 0 0 0 0 0 0 0 0 0 0 0 0 0 0 0 0 0 0 0 2 2 3 2 5 4 5 8 23 7 4 14 49 25 14 10 18 13 4 14 3 0 0 0 0 0 0 0 0 0 0 0 0 0 0 0 0 0 0 0 0 0 0 0 0 0 0 0 0 0 0 0 0 0 0 0 0 0 0 0 0 0 0 0 0 8 0 2 2 2
0 0 0 0 0 0 0 0 0 0 0 0 0 0 0 0 0 0 0 0 0 0 0 0 0 0 0 0 0 1 2 3 3 5 69 7 6 8 4 5 6 7 3 4 16 13 31 0 0 0 0 0 0 0 0 0 0 0 0 0 0 0 0 0 0 0 0 0 0 0 0 0 0 0 0 0 0 0 0 0 0 0 0 0 0 0 0 0 0 0 1 2 3 3 3 6
0 0 0 0 0 0 0 0 0 0 0 0 0 0 0 0 0 0 0 0 0 0 0 0 0 0 0 0 0 0 0 2 2 1 0 1 1 0 0 1 4 5 5 5 4 4 9 4 0 0 0 0 0 0 0 0 0 0 0 0 0 0 0 0 0 0 0 0 0 0 0 0 0 0 0 0 0 0 0 0 0 0 0 0 0 0 0 0 0 1 1 3 5 4 4 2
0 0 0 0 0 0 0 0 0 0 0 0 0 0 0 0 0 0 0 0 0 0 0 0 0 0 0 0 0 0 0 0 0 0 0 0 0 0 0 2 2 3 2 4 5 6 5 5 2 0 0 0 0 0 0 0 0 0 0 0 0 0 0 0 0 0 0 0 0 0 0 0 0 0 0 0 0 0 0 0 0 0 0 0 0 0 0 0 1 1 1 1 2 14 40 1
0 0 0 0 0 0 0 0 0 0 0 0 0 0 0 0 0 0 0 0 0 0 0 0 0 0 0 0 0 0 0 0 0 0 0 0 0 0 0 1 2 2 2 2 2 7 5 4 20 11 0 0 0 0 0 0 0 0 0 0 0 0 0 0 0 0 0 0 0 0 0 0 0 0 0 0 0 0 0 0 0 0 0 0 0 0 0 1 1 1 1 1 1 1 1 1
0 0 0 0 0 0 0 0 0 0 0 0 0 0 0 0 0 0 0 0 0 0 0 0 0 0 0 0 0 0 0 0 0 0 0 0 0 0 0 0 0 2 3 1 2 3 3 5 7 17 3 0 0 0 0 0 0 0 0 0 0 0 0 0 0 0 0 0 0 0 0 0 0 0 0 0 0 0 0 0 0 0 0 0 0 0 0 1 2 1 1 0 0 1 1 15
6 0 0 0 0 0 0 0 0 0 0 0 0 0 0 0 0 0 0 0 0 0 0 0 0 0 1 0 0 0 0 0 0 0 0 0 0 0 0 0 0 3 4 3 1 1 2 4 8 6 4 2 0 0 0 0 0 0 0 0 0 0 0 0 0 0 0 0 0 0 0 0 0 0 0 0 0 0 0 0 0 0 0 0 0 1 0 1 1 1 0 1 1 1 1 0
11 3 5 5 0 0 0 0 0 0 0 0 0 0 0 0 0 0 0 0 1 2 3 3 3 2 3 3 1 0 0 0 0 0 0 0 1 2 2 0 0 0 1 2 2 2 3 4 3 2 2 4 1 0 0 0 0 0 0 0 0 0 0 0 0 0 0 0 0 0 0 0 0 0 0 0 0 0 0 0 0 0 0 0 0 1 1 0 1 0 0 1 1 1 1 0
12 12 12 12 10 7 5 3 0 0 0 1 3 7 3 0 0 1 3 7 9 4 3 3 3 3 3 3 3 2 0 1 1 2 3 2 3 3 3 3 3 1 1 2 7 2 2 2 2 2 2 2 2 0 0 0 0 0 0 0 0 0 0 0 0 0 0 0 0 0 0 0 0 0 0 0 0 0 0 0 0 0 0 1 1 1 1 0 0 1 1 1 1 1 0 0
8 8 10 13 14 14 14 14 9 6 7 7 11 16 16 15 13 13 9 9 7 3 3 3 3 3 3 3 3 3 3 11 1 6 3 2 3 2 3 4 5 2 2 6 6 2 2 2 2 2 2 2 1 1 0 0 0 0 0 0 0 0 0 0 0 0 0 0 0 0 0 0 0 0 0 0 0 0 0 0 0 0 0 0 1 1 0 0 1 1 1 1 1 1 0 0
6 6 7 8 9 11 13 14 10 7 7 5 3 7 10 11 14 14 7 5 3 3 3 3 3 3 3 3 3 3 3 5 2 2 3 8 1 2 3 3 2 26 3 3 8 4 4 4 2 2 2 1 1 1 35 13 13 0 0 0 0 0 0 0 0 0 0 0 0 0 0 0 0 0 0 0 0 0 0 0 0 0 0 0 0 0 0 0 1 1 1 1 1 0 0 0
7 7 7 7 7 7 6 8 4 7 7 6 3 3 3 3 3 3 3 3 3 3 3 3 3 3 3 3 3 3 2 2 3 5 11 3 4 0 2 2 1 2 2 4 6 5 3 3 3 2 2 1 1 8 34 35 31 21 9 0 0 0 0 0 0 0 0 0 0 0 0 0 0 0 0 0 0 0 0 0 0 0 0 0 0 0 1 0 1 1 1 1 0 0 0 0
7 7 6 3 3 3 3 3 3 5 5 5 3 3 3 3 3 3 3 3 3 3 3 3 3 3 3 3 3 3 3 4 12 59 53 3 3 2 1 1 1 1 1 4 5 3 3 2 2 3 3 4 2 21 12 0 0 2 0 0 0 0 0 0 0 0 0 5 1 0 0 0 0 0 0 0 0 0 0 0 0 0 0 0 0 0 0 0 0 0 0 0 0 0 0 0
4 3 3 3 3 3 3 3 3 3 3 3 3 3 3 3 3 3 3 3 3 3 3 3 3 4 4 4 4 4 3 3 3 3 7 2 2 2 1 1 1 1 4 5 3 3 3 3 2 3 3 8 2 24 2 0 0 0 0 0 0 0 0 0 0 0 0 8 2 0 0 0 0 0 0 0 0 0 0 0 0 0 0 0 0 0 0 0 0 0 0 0 0 0 0 0
3 3 3 3 3 3 3 3 3 3 3 3 3 3 3 2 2 2 3 3 3 3 3 3 3 4 4 4 4 4 4 4 4 4 5 4 3 1 1 1 1 2 2 1 2 3 3 5 3 2 3 3 2 6 0 0 0 0 0 0 0 0 0 0 0 0 0 0 0 1 0 0 1 1 1 0 0 0 0 0 0 0 0 0 0 0 0 0 0 0 0 0 0 0 0 0
3 3 3 3 3 3 3 3 3 3 3 2 2 2 2 2 2 3 3 3 3 4 4 3 4 5 4 4 4 4 4 4 4 5 5 5 4 2 1 1 1 2 2 2 3 5 6 6 5 4 3 2 2 1 0 0 0 0 0 0 0 0 0 0 0 0 0 0 1 1 1 1 1 1 1 0 0 0 0 0 0 0 0 0 0 0 0 0 1 0 0 0 0 0 0 0
5 5 5 4 3 3 3 3 4 4 3 2 2 2 2 2 4 4 3 3 3 5 5 4 5 5 4 4 4 3 3 3 4 5 5 5 5 8 1 1 1 4 2 4 5 6 6 6 5 5 7 5 3 0 0 0 0 0 0 0 0 0 0 0 0 0 0 0 0 0 1 1 1 1 1 0 0 0 0 0 0 0 0 0 0 0 0 0 1 0 0 0 0 0 0 0
5 5 5 4 3 3 5 6 6 6 6 4 4 3 3 4 5 4 3 3 3 5 5 5 4 4 4 4 3 2 3 3 4 5 5 5 5 5 6 4 4 3 5 6 6 6 6 6 4 3 6 7 1 0 0 0 0 0 0 0 0 0 0 0 0 0 0 0 0 0 0 0 0 0 0 0 0 0 0 0 1 4 0 0 0 0 0 0 1 0 0 0 0 0 0 0
5 5 5 4 4 5 6 6 6 6 5 5 5 5 5 5 5 3 5 5 6 6 5 4 4 4 0 0 1 3 3 3 3 5 5 5 5 5 6 6 6 6 6 6 6 6 6 6 6 4 4 6 0 0 0 0 0 0 0 0 0 0 0 0 0 0 0 0 0 0 0 0 0 0 0 0 0 0 0 0 0 0 0 0 0 0 0 0 1 0 0 0 0 0 0 0
7 9 6 6 6 6 6 6 6 6 6 6 6 6 6 7 7 7 7 7 7 8 7 4 4 4 4 3 2 3 3 3 3 4 5 5 5 6 6 6 6 6 6 6 6 6 6 6 6 6 9 6 0 0 0 0 0 0 0 0 0 0 0 0 0 0 0 0 0 0 0 0 0 0 0 0 0 0 0 0 0 0 0 0 0 0 0 0 1 1 0 0 0 0 0 0
10 8 6 6 6 6 6 6 6 7 7 6 7 7 7 7 7 7 7 7 7 8 5 4 4 4 4 4 3 3 3 3 3 4 5 5 4 1 6 6 6 6 6 6 6 6 6 6 6 6 10 9 0 0 0 0 0 0 0 0 0 0 0 0 0 0 0 0 0 0 0 0 0 0 0 0 0 1 3 2 2 1 2 1 1 1 0 1 4 0 0 0 0 0 0 0
10 7 6 6 6 6 6 6 7 7 7 7 5 5 6 7 7 7 7 7 8 8 5 4 4 4 4 4 3 3 3 3 3 4 5 5 3 2 5 6 6 6 6 6 6 6 6 6 6 6 11 12 0 0 0 0 0 0 0 0 0 0 0 0 0 0 0 0 0 0 0 0 0 0 0 1 5 7 7 7 5 2 2 2 2 1 1 1 1 0 0 0 0 0 0 0
10 7 6 6 6 6 7 8 7 7 6 5 5 5 5 6 7 6 5 5 6 8 7 5 4 4 4 4 4 3 2 2 2 2 4 5 5 1 2 5 6 6 6 6 6 6 6 6 6 6 8 13 8 2 0 0 0 0 0 0 0 0 0 0 0 0 0 0 0 0 0 0 0 0 0 5 7 7 7 7 5 2 2 2 2 2 2 2 2 1 1 1 1 0 0 0
10 8 8 8 7 9 11 10 6 5 5 5 5 5 5 5 6 5 5 5 5 5 5 4 4 4 4 4 4 3 2 2 3 2 3 5 5 2 2 4 6 6 6 6 6 6 6 6 6 6 6 10 13 13 12 11 8 0 0 0 0 0 0 0 0 0 0 0 0 0 0 1 2 3 5 6 7 7 6 3 2 2 2 2 2 2 2 2 2 2 2 2 2 1 0 0
10 10 12 13 13 13 13 9 5 5 5 5 5 5 5 5 5 5 4 3 4 4 4 3 2 3 4 4 4 4 4 4 5 3 5 5 5 4 3 5 5 6 5 6 6 5 4 4 4 4 4 5 11 13 13 13 13 8 0 0 0 0 0 0 0 0 0 0 0 0 0 2 7 7 7 7 7 7 4 1 1 2 2 2 2 2 2 2 2 2 2 2 2 2 1 1
12 17 14 12 13 13 13 12 5 5 5 5 5 5 5 5 3 2 1 1 1 1 1 1 2 4 4 4 4 4 4 4 5 6 6 6 5 5 5 5 5 5 5 5 5 4 4 4 4 4 4 4 5 12 13 13 13 12 7 3 0 0 0 0 0 0 0 1 3 3 4 4 7 7 7 7 6 7 2 0 1 2 2 2 2 2 2 2 2 2 2 2 2 2 2 2
10 19 10 5 8 8 6 5 5 5 3 2 2 2 2 1 1 1 1 1 1 2 2 3 4 4 4 4 4 4 4 4 5 6 6 6 5 5 5 5 5 5 5 5 5 4 4 4 4 4 4 4 4 6 9 9 6 6 6 7 7 5 4 3 3 5 6 7 7 7 7 7 7 7 6 2 0 1 0 0 0 1 1 1 2 2 2 2 2 2 2 2 2 2 2 2
19 19 11 5 5 5 5 5 5 4 2 1 1 1 1 1 1 1 1 1 1 3 4 4 4 4 4 4 4 4 4 6 6 6 6 7 6 5 5 5 4 4 4 4 4 3 3 4 4 4 4 4 4 4 4 4 4 6 14 12 8 7 7 7 7 7 7 7 7 7 7 6 2 1 1 0 0 0 0 0 0 0 1 2 2 2 2 2 2 2 2 2 2 2 2 2
19 13 6 5 5 5 5 5 2 1 1 1 1 1 1 1 1 1 1 1 1 4 4 4 4 4 4 4 4 4 6 6 6 6 6 6 7 6 4 3 3 3 3 3 3 3 3 3 4 4 4 4 4 4 4 4 4 4 18 27 26 19 12 8 7 7 7 7 7 7 7 3 0 0 0 0 0 0 0 0 0 0 0 2 2 2 2 2 2 2 2 2 2 2 2 2
13 6 5 5 5 5 5 5 3 1 1 1 1 1 1 1 1 1 1 1 1 3 4 4 4 4 4 4 4 5 6 6 6 7 8 7 7 7 6 4 4 4 3 3 3 3 3 3 4 4 4 4 4 4 4 4 4 18 26 27 27 27 27 24 9 19 24 18 12 3 2 0 0 0 0 0 0 0 0 0 0 0 0 1 2 2 2 2 2 2 2 2 2 2 2 2
10 4 5 5 5 5 5 5 2 1 1 1 1 1 1 1 1 1 1 1 1 3 4 4 4 4 4 4 4 5 6 7 9 10 10 7 7 7 7 7 4 3 3 3 3 3 3 4 6 5 5 6 4 4 4 3 3 9 12 20 27 27 27 24 24 27 27 27 20 0 0 0 0 0 0 0 0 0 0 0 0 0 0 0 1 2 2 2 2 2 2 2 2 2 2 2
10 4 4 4 4 4 4 4 4 1 1 1 1 1 1 1 1 1 1 1 1 4 4 4 4 4 4 4 4 4 7 10 10 10 9 4 6 7 7 7 4 3 3 3 3 3 3 4 6 6 6 6 6 5 3 3 3 3 3 15 27 27 27 16 1 9 14 13 2 0 0 0 0 0 0 0 0 0 0 0 0 0 0 1 2 2 2 2 2 2 2 2 2 2 2 2
12 4 4 4 4 4 3 3 3 1 1 1 1 1 1 1 1 1 1 1 1 2 3 4 4 4 4 4 4 5 7 10 9 4 4 3 4 7 6 6 6 5 3 3 3 4 4 3 5 6 6 6 6 5 3 3 3 3 3 21 27 27 27 26 3 0 0 0 0 0 0 0 0 0 0 0 0 0 0 0 0 0 1 2 2 2 2 2 2 2 2 2 2 2 2 2
11 3 2 1 2 1 1 1 1 1 1 1 1 1 1 1 1 1 1 1 1 1 1 1 1 1 1 2 4 3 3 5 6 3 3 4 6 7 5 5 5 5 5 4 5 5 5 6 6 6 6 6 5 4 4 3 3 4 15 26 27 27 27 21 0 0 0 0 0 0 0 0 0 0 0 0 0 0 0 0 0 1 2 2 2 2 1 1 2 2 2 2 2 2 2 2
8 4 1 1 1 1 1 1 1 1 1 1 1 1 1 1 1 1 1 1 1 1 1 1 1 1 1 1 2 3 3 3 3 3 3 4 4 5 5 5 5 5 5 5 5 5 6 6 6 6 6 6 4 3 3 3 3 16 27 27 27 26 24 2 0 0 0 0 0 0 0 0 0 0 0 0 0 0 0 0 1 1 2 2 2 2 1 2 2 2 2 2 2 2 2 2
6 2 1 1 1 1 1 1 1 1 1 1 1 1 1 1 1 1 1 1 1 1 1 1 1 1 1 1 2 3 3 3 3 3 4 4 4 4 5 5 5 5 5 5 5 5 5 6 6 6 6 6 4 3 3 3 3 3 13 25 9 3 2 1 2 3 2 2 1 1 1 1 1 2 2 2 2 2 1 1 1 2 2 2 2 2 2 2 2 2 2 2 2 2 2 2
2 2 4 4 1 1 1 1 1 1 1 1 1 1 1 1 1 1 1 1 1 1 1 1 1 1 1 1 1 2 3 3 3 3 4 4 4 4 5 5 5 5 5 5 5 4 4 4 5 5 5 6 4 3 3 3 3 3 3 6 3 3 3 3 3 3 3 3 3 3 3 3 3 3 3 3 3 2 1 1 2 2 2 2 2 2 2 2 2 2 2 2 2 2 2 2
4 5 5 5 5 2 1 1 1 1 1 1 1 1 1 1 1 1 1 1 1 1 1 1 1 1 1 1 0 0 3 3 8 10 4 4 4 4 5 3 2 2 4 4 4 3 4 4 4 4 4 4 3 3 3 3 3 3 3 3 3 3 3 3 3 3 3 3 3 3 3 3 3 3 3 3 3 2 0 1 2 2 2 2 2 2 2 2 2 2 2 2 2 2 2 2
5 5 5 5 5 5 2 1 1 1 1 1 1 1 1 1 1 1 1 1 1 1 1 1 1 1 1 1 1 1 1 1 63 65 4 4 4 4 4 3 2 2 2 2 4 4 4 4 4 4 4 4 4 4 4 4 3 3 3 3 3 3 3 3 3 3 3 2 3 3 3 3 3 3 3 3 3 2 1 2 2 2 2 2 2 2 2 2 2 2 2 2 2 2 2 2
5 5 5 5 5 5 5 4 1 1 1 1 1 1 1 1 1 1 1 1 1 1 1 1 1 1 1 1 1 1 1 24 92 98 81 60 4 4 4 4 2 2 2 2 3 4 4 4 4 4 4 4 4 4 4 4 3 3 3 3 3 3 3 3 3 3 3 3 3 3 3 3 3 3 3 3 2 1 2 2 2 2 2 2 2 2 2 2 2 2 2 2 2 2 2 2
5 5 2 3 5 5 5 5 4 1 0 0 1 1 1 1 1 1 1 1 1 1 1 1 1 1 1 1 1 1 1 10 76 100 86 28 3 3 3 3 3 2 2 2 2 2 3 4 4 4 4 4 4 4 4 3 3 3 3 3 3 3 3 3 3 3 3 3 3 3 3 3 3 3 3 2 1 1 1 2 2 2 2 2 1 2 2 2 2 2 2 2 2 2 2 2
5 3 1 1 2 5 5 3 0 0 0 0 1 1 1 1 1 1 1 1 1 1 1 1 1 1 1 1 1 1 1 1 13 39 8 4 3 3 3 3 3 3 2 2 2 2 2 3 4 4 4 4 4 4 3 3 3 3 3 3 3 3 3 3 3 3 3 3 3 3 2 2 2 2 2 1 1 1 1 1 1 2 2 2 2 2 2 2 2 2 2 2 2 2 2 2
6 4 1 1 1 1 1 0 0 0 0 0 0 1 1 1 1 1 1 1 1 1 1 1 1 1 1 1 1 1 1 1 6 12 12 12 5 3 3 3 3 3 3 2 2 2 2 2 4 4 4 4 4 4 4 3 3 3 3 3 3 3 3 3 3 3 3 3 2 1 1 1 1 1 1 1 1 1 1 1 1 1 2 2 2 2 2 2 2 2 2 2 2 2 2 2
4 2 1 1 0 0 0 0 0 0 0 0 0 1 1 1 1 1 1 1 1 1 1 1 1 1 1 1 1 1 1 1 3 12 12 12 7 4 3 3 3 3 2 3 3 2 2 3 4 4 4 4 4 4 4 4 4 4 4 4 3 3 3 3 3 3 3 2 1 1 1 1 1 1 1 1 1 1 1 1 1 1 2 2 2 2 2 2 2 2 2 2 2 2 2 2
3 3 2 1 0 0 0 0 0 0 0 0 0 1 1 1 1 1 1 1 1 1 1 1 1 1 1 1 1 1 1 2 2 4 9 8 6 6 4 3 3 3 2 3 3 3 3 4 4 4 4 4 4 4 4 4 4 4 4 4 4 3 3 3 3 3 3 1 1 1 1 1 1 1 1 1 1 1 1 1 1 1 1 2 2 2 2 2 2 2 2 2 2 2 2 2
6 6 5 4 3 2 1 0 0 0 1 1 1 1 1 1 1 1 1 1 1 1 1 1 1 1 1 1 1 1 2 2 2 2 6 6 6 6 6 5 6 4 3 3 3 3 3 4 4 4 4 4 4 4 4 4 4 4 4 4 4 3 3 3 3 3 3 2 1 1 1 1 1 1 1 1 1 1 1 1 1 1 1 1 1 1 2 2 2 2 2 2 2 2 2 2
6 6 6 5 4 4 2 1 1 1 1 1 1 1 1 1 1 1 1 1 1 1 1 1 1 1 1 1 1 2 2 2 2 2 6 6 4 1 3 5 6 5 3 3 3 3 3 4 4 4 4 4 4 4 4 4 4 4 4 4 4 3 3 2 2 3 3 2 1 1 1 1 1 1 1 1 1 1 1 1 1 1 1 1 1 1 1 1 1 2 2 2 2 2 2 2
4 6 6 6 6 1 1 1 1 1 1 1 1 1 1 1 1 1 1 1 1 1 1 1 1 1 1 1 1 2 2 2 2 2 3 4 1 1 1 6 6 6 5 3 3 3 3 4 4 4 4 4 4 4 4 4 3 3 3 4 4 3 3 2 2 2 2 2 2 2 1 1 1 1 1 1 1 1 1 1 1 1 1 1 1 1 1 1 1 1 1 2 2 2 2 2
1 1 1 1 1 1 1 1 1 1 1 1 1 1 1 1 1 1 1 1 1 1 1 1 1 1 1 1 2 2 2 2 2 2 1 1 1 1 1 6 6 6 6 4 6 9 8 4 4 4 4 4 4 4 4 4 3 3 3 3 3 3 3 2 2 2 2 2 2 2 0 1 1 1 1 1 1 1 1 1 1 1 1 1 1 1 1 1 1 1 1 1 1 2 2 2
1 0 0 0 0 0 0 1 1 1 1 1 1 1 1 1 1 1 1 1 1 1 1 1 1 1 1 1 2 2 2 2 2 2 1 1 1 1 2 4 5 6 6 6 7 9 9 9 4 4 4 4 4 4 4 4 3 3 3 3 3 3 3 2 2 2 2 2 2 2 1 1 1 1 1 1 1 1 1 1 1 1 1 1 1 1 1 1 1 1 1 1 1 1 2 2
0 0 0 0 0 0 0 0 1 1 1 1 1 1 1 1 1 1 1 1 1 1 1 1 1 1 1 1 2 2 2 2 2 1 1 1 1 1 1 1 1 2 6 7 8 9 9 9 5 4 4 4 4 4 4 4 4 3 3 3 3 3 3 2 2 2 2 2 2 2 2 1 1 1 1 1 1 1 1 1 1 1 1 1 1 1 1 1 1 1 1 1 1 1 1 1
0 0 0 0 0 0 0 0 1 1 1 1 1 1 1 1 1 1 1 1 1 1 1 1 1 1 1 1 1 1 2 2 1 1 1 1 1 1 1 1 1 1 5 9 9 9 9 9 7 4 4 4 4 4 4 4 4 3 3 3 3 2 2 2 2 2 2 2 2 2 2 2 1 1 1 1 1 1 1 1 1 1 1 1 1 1 1 1 1 1 1 1 1 1 1 1
0 0 0 0 0 0 0 1 1 1 1 1 1 1 1 1 1 1 1 1 1 1 1 1 1 1 1 1 1 1 1 2 1 1 1 1 1 1 1 1 1 1 1 9 10 17 19 13 10 7 4 3 1 2 4 2 2 2 2 2 2 2 2 2 2 2 2 2 2 2 2 2 1 1 1 1 1 1 1 1 1 1 1 1 1 1 1 1 1 1 1 1 1 1 1 1
0 0 0 0 0 1 1 1 1 1 1 1 1 1 1 1 1 1 1 1 1 1 1 1 1 1 1 1 1 1 2 1 1 1 1 1 1 1 1 1 1 1 3 9 28 39 39 39 39 16 2 0 0 0 0 0 1 2 2 2 2 2 2 2 2 2 2 2 2 2 2 2 2 2 1 1 1 1 1 1 1 1 1 1 1 1 1 1 1 1 1 1 1 1 1 1
0 0 0 1 1 1 1 1 1 1 1 1 1 1 1 1 1 1 1 1 1 1 1 1 1 1 1 1 1 1 1 1 1 1 1 1 1 1 1 1 1 1 4 13 39 39 39 38 35 13 0 0 0 0 0 0 0 1 2 2 2 2 2 2 2 2 2 2 2 2 2 2 2 2 1 1 1 1 1 1 1 1 1 1 1 1 1 1 1 1 1 1 1 1 1 1
0 0 1 1 1 1 1 1 1 1 1 1 1 1 1 1 1 1 1 1 1 1 1 1 1 1 1 1 1 1 1 1 1 1 1 1 0 0 0 0 1 1 6 31 39 39 39 29 11 9 0 0 0 0 0 0 0 0 1 2 2 2 2 2 2 2 2 2 2 2 2 2 2 2 2 2 1 1 1 1 1 1 1 1 1 1 1 1 1 1 1 1 1 1 1 1
1 1 1 1 1 1 1 1 1 1 1 1 1 1 1 1 1 1 1 1 1 1 1 1 1 1 1 1 1 1 1 1 1 1 1 0 0 0 0 0 0 0 14 28 33 37 39 39 26 0 0 0 0 0 0 0 0 0 1 2 2 2 2 2 2 2 2 2 2 2 2 2 2 2 2 2 1 1 1 1 1 1 1 1 1 1 1 1 1 1 1 1 1 1 1 1
1 1 1 1 1 1 1 1 1 1 1 1 1 1 1 1 1 1 1 1 1 1 1 1 1 1 1 1 1 1 1 1 1 1 1 1 1 0 0 0 0 0 0 0 0 1 30 39 38 9 0 0 0 0 0 0 0 0 0 1 2 2 2 2 2 2 2 2 2 2 2 2 2 2 2 2 2 1 1 1 1 1 1 1 1 1 1 1 1 1 1 1 1 1 1 1
1 1 1 1 1 1 1 1 1 1 1 1 1 1 1 1 1 1 1 1 1 1 1 1 1 1 1 1 1 1 1 1 1 1 1 1 1 1 1 0 0 0 0 0 0 0 16 34 34 23 0 0 0 0 0 0 0 0 0 0 2 2 2 2 2 2 2 2 2 2 2 2 2 2 2 2 2 2 1 1 1 1 1 1 1 1 1 1 1 1 1 1 1 1 1 1
1 1 1 1 1 1 1 1 1 1 1 1 1 1 1 1 1 1 1 1 1 1 1 1 1 1 1 1 1 1 1 1 1 1 1 1 1 1 0 0 0 0 0 0 0 0 0 0 0 0 0 0 0 0 0 0 0 0 0 0 1 2 2 2 2 2 2 2 2 2 2 2 2 2 2 2 2 2 1 1 1 1 1 1 1 1 1 1 1 1 1 1 1 1 1 1
1 1 1 1 1 1 1 1 1 1 1 1 1 1 1 1 1 1 1 1 1 1 1 1 1 1 1 1 1 1 1 1 1 1 1 1 1 0 0 0 0 0 0 0 0 0 0 0 0 0 0 0 0 0 0 0 0 0 0 0 0 2 2 2 2 2 2 2 2 2 2 2 2 2 2 2 2 2 1 1 1 1 1 1 1 1 1 1 1 1 1 1 1 1 1 1
1 1 1 1 1 1 1 1 1 1 1 1 1 1 1 1 1 1 1 1 1 1 1 1 1 1 1 1 1 1 1 1 1 1 1 1 1 0 0 0 0 0 0 0 0 0 0 0 0 0 0 0 0 0 0 0 0 0 0 0 0 1 2 2 2 2 2 2 2 2 2 2 2 2 2 2 2 2 1 1 1 1 1 1 1 1 1 1 1 1 1 1 1 1 1 1
1 1 1 1 1 1 1 1 1 1 1 1 1 1 1 1 1 1 1 1 1 1 1 1 1 1 1 1 1 1 1 1 1 1 1 1 0 0 0 0 0 0 0 0 0 0 0 0 0 0 0 0 0 0 0 0 0 0 0 0 0 0 0 0 0 1 2 2 2 2 2 2 2 2 2 2 2 1 1 1 1 1 1 1 1 1 1 1 1 1 1 0 1 1 1 1
1 1 1 1 1 1 1 1 1 1 1 1 1 1 1 1 1 1 1 1 1 1 1 1 1 1 1 1 1 1 1 1 1 1 2 2 2 0 0 0 0 0 0 0 0 0 0 0 0 0 0 0 0 0 0 0 0 0 0 0 0 0 0 0 0 0 1 2 2 2 2 2 1 1 1 1 1 1 1 1 1 1 1 1 1 1 1 1 1 1 1 0 1 1 1 1
1 1 1 1 2 2 2 2 1 1 1 1 1 1 1 1 1 1 1 1 1 1 1 1 1 1 1 1 1 1 1 1 1 1 1 2 2 2 1 0 0 0 0 0 0 0 0 0 0 0 0 0 0 0 0 0 0 0 0 0 0 0 0 0 0 0 0 0 1 1 1 1 1 1 1 1 1 1 1 1 1 1 0 1 1 1 1 1 1 1 1 1 1 1 1 1
1 1 1 1 2 2 2 2 2 1 1 1 1 1 1 1 1 1 1 1 1 1 1 1 1 1 1 1 1 1 1 1 1 1 1 2 2 2 2 1 1 1 0 0 0 0 0 0 0 0 0 0 0 0 0 0 0 0 0 0 0 0 0 0 0 0 0 0 0 0 1 1 1 1 1 1 1 1 1 1 1 0 0 0 1 1 1 1 1 1 1 1 1 1 1 1
1 1 1 1 1 2 2 2 2 2 2 2 2 2 2 1 1 1 1 1 1 1 1 1 1 1 1 1 1 1 1 1 1 1 2 2 2 2 2 2 2 2 1 1 0 0 0 0 0 0 0 0 0 0 0 0 0 0 0 0 0 0 0 0 0 0 0 0 0 0 0 0 0 1 1 1 0 1 0 0 0 0 0 0 1 1 1 1 1 1 1 1 1 1 1 1
0 1 1 1 1 2 2 2 2 2 2 2 2 2 2 1 1 1 1 1 1 1 1 1 1 1 1 1 1 1 1 1 1 1 2 2 2 2 2 2 2 2 2 2 1 1 0 0 0 0 0 0 0 0 0 0 0 0 13 0 0 0 0 0 0 0 0 0 0 0 0 0 0 0 0 0 0 0 0 0 0 1 0 0 1 1 1 1 1 1 1 1 1 1 1 1
0 0 1 1 1 2 2 2 2 2 2 2 2 2 2 2 1 1 1 1 1 1 1 1 1 1 1 1 1 1 1 1 1 1 2 2 2 2 2 2 2 2 2 2 2 2 0 0 0 0 0 0 0 0 0 0 0 84 154 0 11 9 0 0 0 0 0 0 0 0 0 0 0 0 0 0 0 0 0 0 7 5 0 0 0 1 1 1 1 1 1 1 1 1 1 1
0 0 1 1 1 1 1 2 2 2 2 2 2 2 2 2 1 1 1 1 1 1 1 1 1 1 1 1 1 1 1 1 1 1 1 2 2 2 2 2 2 2 2 2 2 2 0 0 0 0 0 0 0 0 0 0 0 13 96 7 24 24 9 0 0 0 0 0 0 0 0 0 0 0 0 0 3 0 0 5 20 2 0 0 0 1 1 1 1 1 1 1 1 1 1 1
0 0 1 1 1 1 1 2 2 2 2 2 2 2 2 2 1 1 1 1 1 1 1 1 1 1 1 1 1 1 1 1 1 1 1 2 2 2 2 2 2 2 2 2 2 2 0 0 0 0 0 0 0 0 0 0 0 0 3 23 24 24 7 0 0 3 0 0 0 0 0 0 0 0 0 0 0 0 13 30 22 6 0 0 0 0 0 0 1 1 1 1 1 1 1 1
0 0 0 1 1 1 1 1 2 2 2 2 2 2 2 2 1 2 2 2 2 2 2 1 1 1 1 1 1 1 1 2 2 2 2 2 2 2 2 2 2 2 2 2 2 2 0 0 0 0 0 0 0 0 0 0 0 0 0 24 24 24 8 0 0 0 0 0 0 0 0 0 0 0 0 0 0 73 100 46 30 27 0 0 0 0 0 0 0 0 0 0 0 0 0 0
0 0 0 0 0 1 1 1 2 2 2 2 2 2 2 2 2 2 2 2 2 2 2 1 1 1 1 1 1 2 2 2 2 2 2 2 2 2 2 2 2 2 2 2 2 2 0 0 0 0 0 0 0 0 0 0 0 0 0 23 24 24 15 0 0 0 0 0 0 0 0 0 0 0 0 0 39 83 82 73 31 13 0 0 0 0 0 0 0 0 0 0 0 0 0 0
0 0 0 0 0 1 1 1 2 2 2 2 2 2 2 2 2 2 2 2 2 2 2 2 1 1 1 1 2 2 2 2 2 2 2 2 2 2 2 2 2 2 2 2 2 2 0 0 0 0 0 0 0 0 0 0 0 0 0 18 24 24 6 0 0 0 0 0 0 0 0 0 0 0 1 6 69 83 82 32 28 9 0 0 0 0 0 0 0 0 0 0 0 0 0 0
0 0 0 0 0 1 2 2 2 2 2 2 2 2 2 2 2 2 2 2 2 2 2 2 2 2 2 2 2 2 2 2 2 2 2 2 2 2 2 2 2 2 2 2 2 2 2 1 0 0 0 0 0 0 0 0 0 0 0 7 20 16 1 0 0 1 0 0 0 0 0 0 0 2 7 8 32 52 29 7 4 5 1 0 0 0 0 0 0 0 0 0 0 0 0 0
0 0 0 0 0 1 2 2 2 2 2 2 2 2 2 2 2 2 2 2 2 2 2 2 2 2 2 2 2 2 2 2 2 2 2 2 2 2 2 2 2 2 2 2 2 2 2 2 1 0 0 0 0 0 0 0 0 0 0 0 4 5 3 0 0 1 2 0 2 2 1 1 2 6 8 8 8 8 8 3 1 6 13 2 0 0 0 0 0 0 0 0 0 0 0 0
0 0 0 0 0 0 0 1 2 2 2 2 2 2 2 2 2 2 2 2 2 2 2 2 2 2 2 2 2 2 2 2 2 2 2 2 2 2 2 2 2 2 2 2 2 2 2 2 2 1 0 0 0 0 0 0 0 0 0 0 1 5 8 3 1 2 6 5 5 5 5 7 7 7 8 8 8 8 8 7 2 7 10 7 0 0 0 0 0 0 0 0 0 0 0 0
0 0 0 0 0 0 0 0 0 2 2 2 2 2 2 2 2 2 2 2 2 2 2 5 2 2 2 2 2 2 2 2 2 2 2 2 2 2 2 2 2 2 2 2 2 2 2 2 2 1 0 0 0 0 0 0 0 0 0 0 0 0 2 8 5 8 8 8 8 8 8 8 8 8 8 8 8 8 6 3 1 1 3 4 3 7 6 1 0 0 0 0 0 0 0 0
0 0 0 0 0 0 0 0 0 1 2 2 2 2 2 2 2 2 2 2 2 2 3 5 4 2 2 2 2 2 2 2 2 2 2 2 2 2 2 2 2 2 2 2 2 2 2 2 2 1 0 0 0 0 0 0 0 0 0 0 0 0 0 5 6 8 8 8 8 8 8 8 8 8 8 8 8 8 2 0 0 1 1 2 3 12 16 17 33 80 62 1 0 0 0 0
0 0 0 0 0 0 0 0 0 0 3 4 2 2 2 2 2 2 2 2 2 4 5 5 5 2 2 2 2 2 2 2 2 2 2 2 2 2 2 2 2 2 2 2 2 2 2 2 2 1 0 0 0 0 0 0 0 0 0 0 0 0 0 4 7 8 8 8 8 8 8 8 8 8 8 8 8 4 0 0 1 1 1 1 1 5 5 3 7 12 22 2 0 0 0 0
0 0 0 0 0 0 0 0 0 0 1 5 5 4 3 4 2 2 2 2 2 4 5 5 5 3 2 2 2 2 2 2 2 2 2 2 2 2 2 2 2 2 2 2 2 2 2 2 2 0 0 0 0 0 0 0 0 0 0 0 0 0 0 1 8 8 8 8 8 8 8 8 8 8 8 8 8 1 1 1 1 1 1 1 1 4 6 3 4 3 2 2 1 0 0 0
0 0 0 0 0 0 0 0 0 0 0 3 5 5 5 4 2 2 2 3 5 5 5 5 5 5 4 4 2 2 2 2 2 2 2 2 2 2 2 2 2 2 2 2 2 2 2 2 2 0 0 0 0 0 0 0 0 0 0 0 0 0 0 0 1 2 4 5 6 7 8 8 8 8 8 8 7 1 1 1 1 1 1 1 2 5 4 3 3 2 1 2 3 1 0 0
