data/raw/gdp/gdp90_15mi.txt
ncols         1440
nrows         572
xllcorner     -180
yllcorner     -58.000000000011
cellsize      0.250002
NODATA_value  -9999
[rows 166 to 248 of 572, columns 288 to 383 of 1440]
0 0 0 0 0 1 1 0 0 0 0 0 0 0 0 0 1 2 6 1 2 2 2 1 1 1 1 2 2 1 1 1 6 1 2 2 2 3 3 3 4 3 4 5 9 13 6 8 6 6 4 17 15 4 4 3 5 14 5 8 10 5 4 10 14 9 8 6 6 6 14 7 19 25 20 16 34 24 38 82 72 0 0 0 0 0 43 35 27 21 19 20 17 36 17 77
0 0 0 0 0 1 1 1 0 0 0 0 0 0 0 0 0 0 0 0 2 2 2 1 1 1 1 2 3 1 1 1 1 1 2 1 2 2 3 3 3 3 3 3 3 4 8 21 14 6 4 20 4 9 6 12 7 9 21 43 7 17 10 6 7 8 6 13 6 13 7 7 12 57 350 40 33 53 107 457 884 0 0 0 0 0 83 167 42 126 42 34 18 18 16 35
0 0 0 0 0 3 78 1 4 0 6 0 0 0 0 0 0 0 1 5 4 1 2 2 1 1 1 1 1 1 1 1 0 0 0 1 1 1 2 3 3 5 23 3 16 5 6 22 6 11 5 4 5 6 5 5 5 6 5 7 7 6 9 9 9 7 8 9 6 13 12 16 9 20 35 42 48 28 65 211 416 13 0 0 0 0 0 119 118 488 44 34 28 86 53 51
0 0 0 0 0 2 0 0 0 0 3 0 1 0 0 0 0 0 1 1 2 1 1 1 0 0 0 0 0 0 0 1 1 1 1 1 2 2 1 2 2 3 4 4 5 8 75 5 4 8 8 17 5 5 5 37 10 5 8 10 8 20 88 10 18 6 8 9 13 71 18 8 7 24 16 120 43 49 47 51 323 0 0 0 0 0 0 32 27 31 31 24 38 256 138 27
0 0 0 0 0 0 0 0 0 0 0 0 1 0 0 0 0 0 1 1 1 1 1 1 0 0 0 0 0 0 0 1 1 1 1 1 2 7 1 2 3 4 4 5 6 5 75 6 5 6 6 6 9 6 5 19 16 5 8 11 8 9 86 11 16 7 13 12 10 45 13 8 12 50 14 248 62 27 102 197 401 0 0 0 0 0 26 26 29 205 48 120 29 26 80 29
0 0 0 0 0 0 0 0 0 0 0 2 5 1 3 11 0 0 1 1 13 3 1 1 0 0 0 0 0 0 0 1 1 1 1 1 1 1 1 5 3 5 37 7 7 5 5 7 5 4 12 5 19 5 7 7 24 77 12 6 42 8 5 10 15 97 16 10 5 15 8 12 11 11 22 73 30 25 245 536 908 556 0 0 0 33 130 30 39 99 23 21 21 30 103 26
0 0 4 8 0 0 0 0 0 0 0 0 0 0 1 3 6 41 3 1 1 1 0 0 0 0 0 0 0 0 0 0 0 0 0 1 1 1 1 2 3 5 6 3 4 8 5 4 4 4 7 5 6 4 7 14 10 18 11 6 11 14 9 9 14 121 16 11 7 10 20 52 15 61 28 21 48 43 251 728 1611 3145 0 0 20 40 64 73 26 40 38 25 29 32 22 58
0 0 0 0 1 1 0 0 0 0 0 1 1 1 1 1 1 1 1 1 1 1 0 0 0 0 0 0 0 0 0 1 1 1 1 1 5 2 2 5 3 4 4 4 5 6 6 17 10 5 11 5 7 4 8 12 50 401 31 32 9 10 7 7 10 97 27 11 11 191 82 12 8 7 9 17 10 32 86 382 495 1353 436 141 105 46 122 236 157 29 25 28 19 21 19 26
0 0 0 1 1 1 0 0 0 41 0 1 1 1 1 1 0 2 1 1 1 1 0 0 0 0 0 1 1 1 1 1 1 7 1 2 2 3 2 3 3 3 34 10 5 15 38 176 225 10 6 12 8 5 5 8 9 35 9 17 20 22 7 6 6 19 9 42 9 95 69 17 11 8 21 51 36 19 34 45 49 140 122 78 14 23 36 29 39 36 32 42 24 30 37 27
0 0 0 0 0 0 0 0 0 1 0 1 83 11 1 1 1 2 1 4 7 1 2 1 4 6 1 1 28 7 1 1 1 1 1 2 2 4 3 5 5 4 4 5 4 11 14 217 210 12 5 10 3 2 14 5 8 5 11 5 6 7 32 6 12 6 8 10 9 10 10 9 22 7 11 8 32 10 12 16 102 21 17 16 13 15 12 23 41 21 44 361 21 18 18 24
0 0 0 1 1 0 0 0 1 1 1 4 1 0 0 0 0 0 1 1 1 2 2 1 1 1 1 1 1 1 1 8 9 8 3 5 4 4 63 6 5 15 4 13 17 257 7 8 14 6 10 10 5 5 3 2 5 3 4 5 7 7 17 7 11 17 10 52 7 20 60 7 11 67 24 11 8 25 9 7 9 12 9 12 14 11 31 26 35 28 28 27 29 29 25 65
0 8 4 1 3 1 0 0 1 1 1 151 7 5 0 0 1 1 9 11 1 1 2 2 1 1 1 1 1 1 1 1 1 3 3 36 6 4 37 4 4 4 4 7 11 20 4 5 13 5 7 8 3 5 4 4 4 4 3 4 10 5 4 3 4 7 25 7 6 8 10 30 17 270 58 24 53 8 6 6 7 8 7 8 21 19 22 47 16 66 12 23 20 27 29 98
0 1 1 1 7 3 0 1 2 6 3 86 31 99 1 1 10 5 1 1 1 1 1 1 1 1 1 1 1 2 1 3 3 3 10 2 5 2 2 3 3 4 3 3 7 17 3 5 8 4 4 4 19 4 4 6 3 3 2 5 3 4 4 5 4 7 30 9 6 34 5 16 9 11 10 29 69 9 12 36 7 15 8 14 161 32 20 94 31 47 37 20 17 23 30 43
0 0 1 1 1 1 1 1 2 4 78 139 26 7 2 2 8 4 1 1 1 2 1 1 1 1 1 2 2 13 2 1 1 1 3 2 2 2 2 5 2 4 3 9 4 5 3 2 3 9 4 4 5 5 5 3 3 12 2 4 3 28 4 3 4 9 8 7 4 7 11 6 9 11 30 9 17 13 80 113 12 87 13 14 30 11 28 58 34 135 134 18 25 40 54 52
2 2 1 2 2 2 2 1 3 8 26 528 304 10 1 1 1 0 0 0 1 2 1 1 1 1 1 2 1 3 1 1 4 3 3 1 3 1 1 1 2 5 2 3 3 8 3 5 7 8 5 5 84 8 8 6 6 16 4 9 3 3 8 3 4 9 73 7 7 6 9 9 12 179 12 21 131 11 20 10 5 12 10 10 13 18 170 746 118 27 47 24 82 30 146 407
4 4 10 4 2 7 8 5 8 5 37 523 839 18 3 2 2 1 0 0 0 1 1 1 1 1 1 1 1 1 1 1 1 1 4 1 2 3 2 2 2 11 2 2 3 4 2 2 3 5 4 22 42 8 12 12 5 3 3 4 6 6 8 5 5 4 31 6 10 5 16 29 18 39 26 8 13 15 15 11 5 22 44 30 28 23 99 311 53 16 18 37 17 50 176 368
2 2 6 6 5 3 4 3 2 3 6 7 24 16 4 1 0 2 0 0 1 1 2 2 1 7 1 8 2 1 3 1 3 1 2 1 1 3 2 4 3 2 2 9 9 4 4 5 4 9 7 7 68 34 32 25 11 5 7 5 6 8 24 4 5 5 6 14 5 5 14 6 17 7 8 17 13 7 31 32 11 15 110 12 13 21 38 40 30 18 21 19 29 265 254 54
2 3 1 2 7 3 6 1 0 0 3 8 23 10 4 2 0 1 1 0 0 1 1 1 1 1 0 1 3 1 1 1 2 1 3 2 1 1 2 2 3 2 2 3 48 68 13 5 26 165 13 16 82 712 290 31 14 11 5 21 5 9 21 16 21 5 6 7 15 10 14 16 24 21 16 8 10 28 11 6 11 10 20 23 16 116 31 14 63 21 14 23 61 705 625 94
6 4 0 1 2 1 2 3 1 0 1 9 318 132 2 2 0 0 0 0 0 0 1 1 1 1 0 0 0 1 1 1 2 1 28 3 8 1 4 2 3 61 4 12 4 2 3 2 13 30 52 58 127 420 159 32 16 19 6 4 8 11 108 13 20 5 8 17 43 179 262 202 48 16 15 12 7 8 6 11 8 10 15 10 8 24 27 11 43 16 19 13 17 87 43 39
8 3 0 0 8 1 1 5 4 0 1 7 19 36 1 1 0 0 0 0 0 0 1 1 1 1 1 1 2 1 1 1 1 1 1 2 4 3 3 2 2 7 3 3 6 3 4 3 6 5 20 12 15 13 23 9 10 23 14 29 7 10 25 64 8 5 12 21 21 236 1053 565 161 31 18 35 19 8 12 17 10 37 17 26 14 14 23 18 24 19 26 18 11 18 11 10
16 3 0 0 0 0 0 1 1 1 7 27 5 92 2 1 2 2 1 0 0 0 0 1 1 1 1 2 2 1 1 1 3 1 1 2 26 6 3 8 3 22 5 6 4 1 3 38 3 2 5 10 6 5 8 5 13 6 7 6 10 16 10 10 6 8 10 23 38 69 199 30 24 11 12 10 38 7 13 9 17 25 16 10 36 9 12 23 178 210 42 13 12 11 16 14
1 1 0 0 0 0 0 0 0 1 1 1 2 60 3 2 3 9 4 3 0 14 1 2 1 1 1 1 17 1 1 1 1 1 1 8 2 2 3 5 67 8 31 5 3 1 2 2 6 3 3 3 4 4 6 4 4 4 5 4 14 20 7 5 6 11 13 12 7 32 36 10 12 18 14 18 14 9 6 15 13 69 38 12 15 6 8 20 327 434 21 21 71 132 128 25
2 1 0 0 0 1 1 1 1 0 1 1 2 2 1 0 1 13 0 0 0 0 0 0 1 1 1 1 25 2 2 14 7 1 4 1 2 2 2 3 5 9 35 15 22 2 5 2 2 4 15 3 5 14 16 8 5 5 8 5 6 7 12 22 24 16 6 4 9 38 29 12 16 8 21 50 43 11 13 7 21 168 70 63 23 17 11 29 67 25 23 10 23 82 82 34
2 2 0 0 0 1 5 5 2 1 1 1 2 2 1 0 0 0 0 0 0 1 0 1 1 1 9 1 2 2 2 8 8 1 2 2 5 6 2 7 3 28 405 73 19 3 1 1 6 6 14 4 6 7 5 4 6 8 10 12 7 24 5 23 4 11 3 3 3 13 14 6 16 6 19 47 28 19 8 11 14 11 12 49 14 7 13 14 42 16 17 13 35 26 47 18
22 3 1 2 1 1 1 5 16 1 1 1 1 2 1 0 0 0 0 0 0 1 1 1 1 1 1 1 2 1 3 1 1 1 1 1 2 2 2 2 3 5 16 12 10 2 2 2 3 12 17 8 9 33 9 5 5 11 25 16 15 5 4 7 5 3 2 2 3 4 3 5 8 68 14 13 10 5 6 10 10 29 24 19 15 10 12 10 10 10 27 9 12 16 17 12
3 6 1 1 1 1 0 1 5 1 1 1 1 6 5 1 0 0 0 0 0 0 0 1 2 1 5 1 23 1 1 1 1 1 1 1 1 1 1 4 3 3 6 24 11 1 2 2 9 36 3 7 11 68 68 9 10 15 206 56 11 8 12 7 7 4 2 2 3 7 4 4 7 20 10 13 12 82 15 8 14 13 14 17 9 11 27 13 27 9 15 17 11 43 9 39
9 6 1 1 1 1 1 1 0 1 2 1 2 2 2 2 0 0 0 0 0 1 1 1 1 1 2 3 2 3 1 1 1 1 1 1 0 9 2 2 2 2 9 10 3 1 2 2 26 4 3 3 30 16 28 11 18 17 11 11 5 9 3 4 11 5 3 3 4 7 25 8 19 34 17 9 11 22 26 10 7 23 37 11 18 20 66 13 18 10 8 11 18 12 11 40
2 0 0 1 1 1 1 1 0 4 2 1 1 1 2 1 0 0 0 0 0 1 1 1 1 3 10 2 1 1 1 1 2 1 1 1 1 1 3 2 2 2 6 39 4 4 8 4 38 11 5 13 16 12 12 6 12 8 23 14 5 4 4 4 15 7 3 3 8 8 15 11 14 11 5 8 11 23 34 8 5 30 101 16 16 27 20 15 12 11 8 13 5 10 16 18
1 0 1 1 0 1 1 1 1 12 4 1 1 1 1 1 0 0 0 1 1 0 0 1 1 1 1 2 10 1 2 1 2 2 19 1 1 2 5 5 63 3 9 3 6 5 10 12 45 38 23 13 8 11 21 73 11 13 7 12 8 9 29 8 5 9 7 6 10 9 7 17 6 11 11 25 29 10 24 8 9 11 22 26 54 131 45 17 13 11 19 7 13 11 10 32
1 1 1 1 1 0 2 13 7 6 2 1 0 0 0 0 0 1 1 1 0 3 3 1 1 1 3 2 1 1 1 1 1 1 2 2 2 3 3 3 3 4 4 53 11 12 16 106 518 34 12 11 7 22 18 109 11 6 6 18 6 4 5 6 6 6 6 6 17 21 19 17 14 16 33 15 15 17 17 16 11 11 28 26 317 329 42 14 11 39 31 10 9 10 31 83
1 0 1 1 1 2 20 21 10 3 1 1 0 0 0 0 0 0 0 1 1 1 1 1 18 2 2 1 0 0 4 0 1 1 1 1 2 2 6 2 9 7 24 6 11 12 13 35 44 18 43 14 23 13 12 10 5 3 2 2 2 5 4 6 6 20 6 6 11 63 11 11 41 11 16 14 36 15 9 8 5 4 15 15 64 45 102 12 18 15 15 21 16 36 45 169
1 0 1 1 1 3 4 28 73 3 2 22 0 0 0 0 0 0 0 1 0 1 1 1 1 8 24 1 27 1 1 1 1 1 2 6 11 11 3 4 23 277 101 16 12 7 4 9 23 9 37 12 8 10 11 11 5 5 4 3 3 4 9 9 10 12 14 8 5 18 14 9 17 27 19 12 83 15 19 9 5 10 10 47 17 13 19 16 29 11 6 12 15 15 30 23
2 1 1 1 1 36 4 3 3 1 1 1 1 0 0 0 0 0 0 0 0 1 1 1 13 2 2 2 1 2 2 2 2 6 14 5 7 5 5 7 20 320 232 31 52 10 8 10 6 12 8 9 17 18 137 17 11 15 13 36 9 6 10 9 15 20 6 4 6 6 11 19 71 21 8 12 9 16 11 8 5 7 16 14 23 10 24 44 11 14 11 33 24 40 18 7
15 2 2 2 12 557 51 2 2 1 1 0 1 1 1 1 3 7 0 0 0 0 1 5 201 7 1 1 1 1 1 1 2 4 2 5 3 4 9 11 24 19 104 13 9 15 14 3 4 6 5 5 7 19 15 8 10 6 7 17 16 15 51 12 21 16 6 5 27 8 7 353 646 42 11 11 10 14 14 11 5 8 22 17 12 23 13 24 12 16 139 174 82 12 10 10
1 2 2 1 16 35 8 4 2 0 0 0 1 0 0 0 0 0 0 0 0 0 21 2 15 2 1 1 3 1 0 4 3 4 4 3 3 4 7 10 8 10 11 8 6 31 5 3 22 13 7 3 5 6 5 7 2 2 2 3 6 12 154 133 19 5 7 7 17 6 5 53 43 19 16 8 12 24 21 10 10 89 22 19 50 99 15 7 11 19 83 85 65 12 16 11
0 0 0 0 16 11 3 2 1 0 0 0 0 0 0 1 0 1 2 2 4 4 6 2 7 1 1 1 1 2 2 0 2 2 31 4 4 15 113 8 26 7 7 15 7 7 3 4 3 4 2 2 2 3 9 7 2 3 6 28 12 48 180 22 8 9 6 4 8 26 8 12 18 8 8 10 17 23 12 10 12 43 16 48 65 170 19 22 22 17 30 17 45 17 10 11
0 0 0 0 0 1 1 1 0 0 0 0 0 0 0 1 0 1 8 43 4 3 3 3 2 2 1 1 1 0 0 7 2 2 1 7 3 4 4 7 13 5 5 7 5 6 4 8 3 4 1 1 1 1 4 3 3 4 7 46 26 12 12 25 7 10 7 3 4 7 7 9 20 26 9 17 26 35 15 9 10 17 8 16 38 26 35 27 21 19 27 51 32 16 26 26
0 0 0 2 8 0 0 0 0 0 0 0 0 0 1 1 0 0 17 2 3 3 3 4 7 30 6 1 0 0 1 1 1 2 16 2 6 22 7 3 3 5 8 37 9 5 15 4 3 10 4 5 6 8 11 4 4 6 4 18 4 3 5 63 19 7 3 2 4 32 9 11 7 11 6 9 23 33 12 9 13 12 8 10 44 21 21 66 31 12 14 54 46 151 211 97
0 0 0 0 4 0 0 0 0 0 0 0 1 1 1 0 0 0 0 1 1 2 11 3 6 3 4 1 1 1 1 1 1 1 1 1 2 99 32 6 2 6 4 8 9 23 18 3 4 6 5 3 12 6 5 5 13 5 9 4 4 3 10 4 8 6 7 3 12 18 7 5 19 6 11 10 11 18 16 9 13 13 31 32 28 26 18 35 54 26 13 31 50 326 782 510
0 0 0 0 1 0 0 0 0 0 0 0 1 1 1 0 0 0 0 1 2 2 21 10 246 8 3 2 1 1 0 0 1 2 3 3 1 2 2 1 10 3 5 25 12 68 14 13 5 31 15 9 3 6 9 12 8 17 5 4 25 4 3 11 13 7 14 4 8 22 6 29 10 6 8 8 10 21 46 8 13 6 8 27 228 205 30 21 92 12 13 58 57 122 610 201
0 0 0 0 0 0 1 1 1 9 1 0 1 49 10 0 0 0 0 1 1 2 3 5 10 11 2 2 1 1 0 0 1 3 1 0 4 4 1 1 5 8 9 26 12 14 12 10 7 6 4 5 7 7 15 101 9 8 12 15 7 11 3 2 5 2 7 58 19 22 11 13 6 8 5 9 37 7 30 7 8 26 8 31 352 58 23 33 10 7 9 14 39 61 85 43
0 0 5 4 0 0 1 2 2 1 1 1 1 1 2 1 1 0 0 1 2 4 8 7 2 2 2 2 0 0 1 1 2 3 1 1 2 14 2 6 8 18 13 170 181 187 21 39 14 24 6 11 27 13 6 18 6 4 11 6 5 36 5 6 19 3 4 6 8 5 11 8 9 13 5 16 5 8 6 7 6 107 39 12 36 16 25 15 9 6 14 30 28 11 32 31
2 0 0 0 3 1 3 6 39 0 0 1 1 1 15 0 0 1 14 5 3 3 2 2 4 1 1 2 4 2 3 5 8 2 1 1 5 2 3 24 20 53 260 464 917 762 43 20 9 9 13 9 15 12 8 6 12 7 14 13 4 7 9 5 28 5 11 9 6 3 22 6 7 7 8 17 7 4 4 3 7 6 6 6 9 23 5 8 24 10 15 42 15 16 31 10
2 1 1 3 8 4 3 1 1 0 0 1 1 1 1 0 0 1 3 39 1 9 1 2 12 1 0 1 16 2 1 2 5 3 1 1 6 1 2 7 20 22 435 424 498 168 29 12 19 17 19 13 70 37 32 12 56 66 34 7 10 37 12 100 17 7 4 2 3 3 9 24 11 12 12 10 9 11 8 6 6 11 9 4 7 8 27 19 14 21 71 26 82 9 5 9
3 4 1 2 69 25 1 0 0 0 0 0 0 1 13 24 1 1 2 2 0 14 1 1 1 2 11 2 7 1 17 4 84 61 3 5 9 6 4 5 14 20 68 26 41 31 11 22 10 13 119 23 48 36 16 13 152 102 13 5 4 18 12 55 12 12 4 13 42 12 75 273 20 12 15 14 11 65 9 7 11 6 5 36 16 6 201 89 10 20 7 45 168 11 5 8
7 6 1 4 8 23 7 1 0 0 0 0 0 1 1 1 1 1 1 1 1 1 4 76 4 10 16 1 1 1 1 2 2 4 3 2 3 5 8 19 5 6 7 12 7 17 19 15 23 10 27 19 25 7 16 7 11 10 8 4 4 8 3 6 8 14 2 6 8 10 31 36 14 6 6 5 8 10 6 5 5 6 5 4 5 6 8 5 5 8 5 4 4 5 11 25
0 0 1 4 21 126 431 18 0 0 0 0 0 0 0 0 0 0 0 9 0 12 135 45 6 1 1 0 1 1 1 1 6 1 8 4 3 8 3 2 2 9 10 11 6 6 7 4 14 19 19 17 5 7 7 15 6 8 7 26 4 12 3 8 4 6 5 6 9 5 21 9 14 14 13 15 9 6 6 5 7 7 4 3 3 15 7 9 16 5 8 14 5 5 11 11
0 0 0 0 137 147 271 22 1 0 0 0 0 0 0 0 0 0 1 2 12 2 3 3 3 1 1 1 2 6 11 2 5 1 2 8 27 2 1 5 2 5 10 167 8 8 16 7 6 17 6 6 8 48 5 7 4 8 10 9 4 8 5 9 7 14 44 7 5 8 24 10 11 14 15 47 8 12 6 6 9 7 8 3 6 6 7 7 12 8 7 7 7 6 13 113
0 0 0 0 131 147 142 39 1 0 0 0 0 0 0 0 0 8 8 1 2 2 2 1 1 1 1 0 0 9 91 2 1 1 1 2 1 3 2 2 11 20 19 31 13 4 3 4 4 3 12 3 24 48 5 3 6 5 6 5 5 29 96 11 3 2 7 5 6 8 20 8 17 11 81 19 6 4 3 5 5 5 11 7 7 10 20 14 43 40 32 8 9 4 5 16
0 0 0 0 26 51 23 0 1 0 0 0 3 1 0 0 1 1 1 0 0 0 1 1 1 1 1 0 0 2 2 1 1 1 8 1 2 2 3 12 65 115 82 7 4 4 3 4 4 5 5 3 7 11 4 4 4 3 24 23 13 8 19 26 4 3 4 5 6 11 24 12 13 8 18 5 5 5 6 12 5 6 18 15 5 4 7 8 15 14 68 10 9 6 7 14
0 0 0 0 0 0 0 0 0 0 0 0 0 0 0 0 0 1 0 0 11 0 0 1 1 0 0 0 0 3 0 0 2 1 1 2 2 3 3 5 5 8 9 7 7 11 6 5 9 11 14 8 7 5 8 11 10 4 24 7 5 14 8 16 8 5 10 14 9 15 10 16 27 9 5 9 6 12 17 65 20 6 11 8 3 20 8 8 8 18 14 14 9 21 10 25
2 2 1 0 0 0 0 0 0 0 0 0 0 0 0 0 0 0 0 0 0 0 0 1 1 0 0 0 1 3 0 0 0 1 0 1 1 3 17 10 30 58 21 9 7 9 132 7 4 36 12 12 10 7 6 6 8 4 5 4 6 8 32 42 12 12 20 127 38 30 32 19 18 26 9 16 10 13 30 345 64 12 54 108 10 15 20 9 6 8 8 10 16 28 32 37
2 2 0 0 0 0 0 0 0 0 0 0 1 0 0 0 0 8 0 0 0 0 0 0 0 0 0 0 0 0 0 0 1 2 2 3 11 2 2 15 174 348 15 5 4 6 6 13 12 23 62 21 7 4 9 27 10 5 23 31 9 10 29 65 38 7 14 338 94 19 34 71 64 26 57 137 171 115 24 22 21 29 157 204 50 141 67 12 8 12 5 8 2 8 140 47
1 0 0 0 0 0 0 0 0 0 0 0 2 1 0 0 0 0 0 0 0 0 0 0 0 0 0 0 0 0 0 1 1 3 3 27 6 3 5 12 173 74 17 10 10 5 25 12 22 104 203 104 17 10 9 171 66 25 50 95 9 25 39 145 86 9 8 21 35 38 94 369 159 19 2 0 0 0 3 6 6 3 0 0 0 0 0 0 23 191 6 5 1 3 7 7
0 0 0 0 0 0 0 0 0 0 0 0 2 1 1 0 0 0 0 0 0 0 0 0 0 0 0 0 0 0 0 0 1 2 2 9 7 12 13 19 47 18 5 5 12 5 7 13 46 484 832 212 52 10 8 22 151 2 2 2 2 2 7 29 33 22 13 15 44 16 58 796 103 1 1 0 0 0 0 0 0 0 0 0 0 0 0 0 0 2 10 6 2 4 2 0
1 1 0 0 0 3 5 3 0 0 0 0 1 2 1 1 1 0 0 0 0 1 1 1 1 1 1 0 0 0 0 1 1 2 1 5 12 227 273 59 34 10 10 5 6 7 7 9 48 587 759 496 50 5 5 1 0 0 0 0 1 1 1 1 7 4 17 34 31 87 17 9 2 2 0 0 0 0 0 0 0 0 0 0 0 0 0 0 0 0 1 8 5 1 0 0
1 1 1 1 1 4 7 6 0 0 0 0 0 2 2 2 1 0 0 0 0 1 1 1 1 1 1 2 43 2 1 1 1 2 1 5 14 602 336 16 7 4 4 12 4 3 9 21 12 10 42 95 229 5 0 0 0 0 0 0 0 0 0 0 1 0 2 4 4 11 13 6 4 10 4 0 0 0 0 0 0 0 0 0 0 0 0 0 0 0 0 0 0 0 0 0
0 1 1 2 1 4 7 7 0 0 0 0 0 2 2 2 1 1 0 0 0 1 1 0 0 0 0 0 0 1 1 1 20 1 2 5 15 23 13 13 4 3 7 7 5 4 7 10 15 31 72 10 11 0 0 0 0 0 0 0 0 0 0 0 0 0 0 1 9 10 7 4 1 1 3 1 0 0 0 0 0 0 0 0 0 0 0 0 0 0 0 0 0 0 0 0
0 1 1 2 3 0 4 7 1 0 0 0 0 1 2 1 0 0 1 0 0 0 1 0 0 0 0 0 3 8 2 4 3 2 4 4 3 6 5 5 7 5 5 26 55 7 4 6 18 8 24 0 0 0 0 0 0 0 0 0 0 0 0 0 0 0 0 0 0 0 0 0 0 0 0 0 0 0 0 0 0 0 0 0 0 0 0 0 0 0 0 0 0 0 0 0
0 1 1 1 4 1 3 7 2 0 0 0 0 0 0 0 0 0 0 0 0 0 1 1 0 0 0 0 1 8 30 6 5 3 3 3 2 2 2 3 4 2 2 4 8 36 5 6 2 0 0 0 0 0 0 0 0 0 0 0 0 0 0 0 0 0 0 0 0 0 0 0 0 0 0 0 0 0 0 0 0 0 0 0 0 0 0 0 0 0 0 0 0 0 0 0
1 1 1 2 3 3 2 7 7 3 6 0 0 0 0 0 0 0 0 0 0 0 1 1 1 1 1 2 3 1 2 6 2 1 1 1 1 0 1 5 11 14 3 3 2 3 2 0 0 0 0 0 0 0 0 0 0 0 0 0 0 0 0 0 0 0 0 0 0 0 0 0 0 0 0 0 0 0 0 0 0 0 0 0 0 0 0 0 0 0 0 0 0 0 0 0
1 1 1 0 0 1 1 5 4 3 18 1 0 0 0 0 0 0 0 0 0 0 0 1 1 2 4 2 1 0 0 1 0 0 1 1 1 1 1 2 12 8 9 31 5 1 0 0 0 0 0 0 0 0 0 0 0 0 0 0 0 0 0 0 0 0 0 0 0 0 0 0 0 0 0 0 0 0 0 0 0 0 0 0 0 0 0 0 0 0 0 0 0 0 0 0
1 1 1 0 0 0 0 0 1 1 1 1 0 0 0 0 0 0 0 0 0 0 0 1 1 1 2 3 1 0 0 0 0 0 0 0 1 3 4 16 6 56 190 36 1 0 0 0 0 0 0 0 0 0 0 0 0 0 0 0 0 0 0 0 0 0 0 0 0 0 0 0 0 0 0 0 0 0 0 0 0 0 0 0 0 0 0 0 0 0 0 0 0 0 0 0
1 1 1 0 0 0 0 0 0 0 0 0 0 0 0 0 0 0 0 0 0 0 0 0 1 1 1 1 0 0 0 0 39 96 82 2 2 1 2 20 30 4 240 10 0 0 0 0 0 0 0 0 0 0 0 0 0 0 0 0 0 0 0 0 0 0 0 0 0 0 0 0 0 0 0 0 0 0 0 0 0 0 0 0 0 0 0 0 0 0 0 0 0 0 0 0
1 1 1 1 0 0 0 0 1 2 1 0 0 0 0 0 0 0 0 0 0 0 0 0 1 1 0 0 0 0 0 0 7 117 31 2 2 3 1 6 10 2 1 0 0 0 0 0 0 0 0 0 0 0 0 0 0 0 0 0 0 0 0 0 0 0 0 0 0 0 0 0 0 0 0 0 0 0 0 0 0 0 0 0 0 0 0 0 0 0 0 0 0 0 0 0
1 0 1 1 0 0 0 0 5 6 1 0 0 0 0 0 0 0 0 0 0 0 0 0 1 2 4 0 0 0 0 0 0 37 2 1 2 0 1 8 0 0 0 0 0 0 0 0 0 0 0 0 0 0 0 0 0 0 0 0 0 0 0 0 0 0 0 0 0 0 0 0 0 0 0 0 0 0 0 0 0 0 0 0 0 0 0 0 0 0 0 0 0 0 0 0
0 0 1 1 0 0 0 1 3 4 1 0 0 0 0 0 0 0 0 1 1 0 0 0 0 8 12 13 5 0 0 0 0 1 8 2 1 1 1 1 0 0 0 0 0 0 0 0 0 0 0 0 0 0 0 0 0 0 0 0 0 0 0 0 0 0 0 0 0 0 0 0 0 0 0 0 0 0 0 0 0 0 0 0 0 0 0 0 0 0 0 0 0 0 0 0
1 1 1 1 0 0 0 0 1 1 0 0 0 0 0 0 0 1 1 1 1 1 1 0 0 1 1 1 0 0 1 2 0 0 1 3 6 5 2 1 4 2 0 0 0 0 0 0 0 0 0 0 0 0 0 0 0 0 0 0 0 0 0 0 0 0 0 0 0 0 0 0 0 0 0 0 0 0 0 0 0 0 0 0 0 0 0 0 0 0 0 0 0 0 0 0
1 0 0 0 0 0 0 0 0 0 0 0 0 0 0 0 1 1 1 1 1 1 1 1 0 0 1 0 0 0 1 2 1 0 1 17 17 9 35 80 27 9 5 8 0 0 0 0 0 0 0 0 0 0 0 0 0 0 0 0 0 0 0 0 0 0 0 0 0 0 0 0 0 0 0 0 0 0 0 0 0 0 0 0 0 0 0 0 0 0 0 0 0 0 0 0
2 1 1 0 0 0 0 0 0 0 0 0 0 0 0 0 0 1 1 1 1 1 1 1 0 0 1 1 0 0 1 1 1 1 1 12 4 22 90 187 81 109 22 9 0 0 0 0 0 0 0 0 0 0 0 0 0 0 0 0 0 0 0 0 0 0 0 0 0 0 0 0 0 0 0 0 0 0 0 0 0 0 0 0 0 0 0 0 0 0 0 0 0 0 0 0
2 1 1 1 0 0 0 0 0 0 1 0 0 0 0 0 0 7 10 1 1 1 1 0 0 0 1 1 1 2 53 15 1 1 1 0 0 5 14 6 6 52 111 4 0 0 0 0 0 0 0 0 0 0 0 0 0 0 0 0 0 0 0 0 0 0 0 0 0 0 0 0 0 0 0 0 0 0 0 0 0 0 0 0 0 0 0 0 0 0 0 0 0 0 0 0
2 1 1 1 0 0 0 0 0 0 1 0 0 0 0 0 3 17 22 10 1 1 0 0 0 0 1 1 1 10 248 111 5 1 0 0 0 5 12 6 5 9 11 3 0 0 0 0 0 0 0 0 0 0 0 0 0 0 0 0 0 0 0 0 0 0 0 0 0 0 0 0 0 0 0 0 0 0 0 0 0 0 0 0 0 0 0 0 0 0 0 0 0 0 0 0
4 1 1 1 1 1 0 0 0 0 0 1 0 1 1 1 2 6 21 2 1 1 0 0 0 0 4 8 3 4 8 9 5 1 1 0 0 0 0 2 3 10 8 0 0 0 0 0 0 0 0 0 0 0 0 0 0 0 0 0 0 0 0 0 0 0 0 0 0 0 0 0 0 0 0 0 0 0 0 0 0 0 0 0 0 0 0 0 0 0 0 0 0 0 0 0
5 4 13 8 1 1 1 0 0 1 1 1 1 1 1 1 1 2 11 18 1 1 0 0 0 3 8 8 6 1 1 1 3 3 2 1 0 0 0 1 1 1 2 0 0 0 0 0 0 0 0 0 0 0 0 0 0 0 0 0 0 0 0 0 0 0 0 0 0 0 0 0 0 0 0 0 0 0 0 0 0 0 0 0 0 0 0 0 0 0 0 0 0 0 0 0
4 8 14 13 1 0 1 1 1 1 1 2 2 1 1 1 1 1 1 17 5 0 0 0 0 4 8 8 7 1 1 1 2 3 2 1 0 0 1 1 1 1 0 0 0 0 0 0 0 0 0 0 0 0 0 0 0 0 0 0 0 0 0 0 0 0 0 0 0 0 0 0 0 0 0 0 0 0 0 0 0 0 0 0 0 0 0 0 0 0 0 0 0 0 0 0
5 6 12 10 1 1 1 0 0 1 1 1 2 2 2 2 1 1 1 1 0 0 0 0 0 0 1 4 6 1 1 1 1 2 1 1 0 0 0 1 1 1 0 0 0 0 0 0 0 0 0 0 0 0 0 0 0 0 0 0 0 0 0 0 0 0 0 0 0 0 0 0 0 0 0 0 0 0 0 0 0 0 0 0 0 0 0 0 0 0 0 0 0 0 0 0
0 3 10 13 1 1 1 1 1 1 2 3 3 3 3 3 2 1 2 1 1 1 0 0 0 0 1 1 0 1 1 1 1 1 1 1 0 0 0 1 1 0 0 0 0 0 0 0 0 0 0 0 0 0 0 0 0 0 0 0 0 0 0 0 0 0 0 0 0 0 0 0 0 0 0 0 0 0 0 0 0 0 0 0 0 0 0 0 0 0 0 0 0 0 0 0
0 0 4 8 2 1 1 1 1 1 4 5 5 5 4 2 2 2 3 2 1 1 0 0 0 0 0 0 0 1 1 1 1 1 2 1 1 1 1 1 0 0 0 0 0 0 0 0 0 0 0 0 0 0 0 0 0 0 0 0 0 0 0 0 0 0 0 0 0 0 0 0 0 0 0 0 0 0 0 0 0 0 0 0 0 0 0 0 0 0 0 0 0 0 0 0
0 0 0 0 1 1 1 7 3 1 2 5 5 5 3 2 3 2 2 3 2 1 1 0 0 0 0 0 1 2 1 1 1 1 9 7 2 0 1 0 0 0 0 0 0 0 0 0 0 0 0 0 0 0 0 0 0 0 0 0 0 0 0 0 0 0 0 0 0 0 0 0 0 0 0 0 0 0 0 0 0 0 0 0 0 0 0 0 0 0 0 0 0 0 0 0
0 0 0 0 0 6 9 8 1 1 1 5 5 5 2 2 2 2 2 2 2 1 1 1 1 0 0 1 2 6 1 1 1 1 3 13 3 0 0 0 0 0 0 0 0 0 0 0 0 0 0 0 0 0 0 0 0 0 0 0 0 0 0 0 0 0 0 0 0 0 0 0 0 0 0 0 0 0 0 0 0 0 0 0 0 0 0 0 0 0 0 0 0 0 0 0
0 0 0 0 0 4 14 3 2 1 1 1 1 0 0 1 1 2 3 4 4 4 1 0 0 0 0 1 1 5 1 1 1 1 1 3 1 0 0 1 0 0 0 0 0 0 0 0 0 0 0 0 0 0 0 0 0 0 0 0 0 0 0 0 0 0 0 0 0 0 0 0 0 0 0 0 0 0 0 0 0 0 0 0 0 0 0 0 0 0 0 0 0 0 0 0
0 0 0 0 0 0 5 3 2 2 1 1 1 0 0 0 1 1 2 4 3 3 1 1 1 0 1 1 1 1 1 1 1 1 1 1 2 1 1 1 1 0 0 0 0 0 0 0 0 0 0 0 0 0 0 0 0 0 0 0 0 0 0 0 0 0 0 0 0 0 0 0 0 0 0 0 0 0 0 0 0 0 0 0 0 0 0 0 0 0 0 0 0 0 0 0
0 0 0 0 0 0 0 1 3 3 1 0 0 0 0 1 1 1 1 4 6 11 9 4 2 1 1 1 1 1 1 1 1 1 1 3 5 1 1 1 1 0 0 0 0 0 0 0 0 0 0 0 0 0 0 0 0 0 0 0 0 0 0 0 0 0 0 0 0 0 0 0 0 0 0 0 0 0 0 0 0 0 0 0 0 0 0 0 0 0 0 0 0 0 0 0
